192.414993	1.781367	0.006848
194.001999	1.785227	0.015676
195.589081	1.78724	0.016882
197.176178	1.785479	0.014212
198.763351	1.779923	0.011021
200.350571	1.772591	0.009655
201.937836	1.76554	0.00983
203.525162	1.759476	0.010753
205.112518	1.754536	0.01169
206.699921	1.750355	0.012049
208.287399	1.746359	0.01184
209.874908	1.742318	0.011311
211.462448	1.738162	0.010688
213.050049	1.733938	0.01018
214.637695	1.729823	0.009886
216.225388	1.725936	0.009745
217.813141	1.722313	0.009681
219.400925	1.718952	0.009627
220.98877	1.715817	0.009521
222.57663	1.712833	0.009346
224.164581	1.709956	0.009128
225.752533	1.707167	0.008895
227.340546	1.704461	0.008674
228.928619	1.701846	0.008488
230.516693	1.699352	0.008344
232.104858	1.696996	0.008219
233.693039	1.694778	0.008087
235.281281	1.692686	0.007924
236.869537	1.690703	0.00771
238.457855	1.688793	0.007426
240.046219	1.686911	0.007082
241.634598	1.685032	0.006708
243.223053	1.68315	0.006333
244.811523	1.681264	0.005983
246.400055	1.679384	0.005681
247.988602	1.677533	0.005449
249.577194	1.675746	0.005286
251.165848	1.674042	0.00517
252.754517	1.672428	0.005082
254.343231	1.670904	0.005002
255.932007	1.669462	0.004913
257.520813	1.668091	0.0048
259.10965	1.66677	0.004649
260.698517	1.665477	0.004467
262.287415	1.664199	0.004263
263.876373	1.662929	0.004048
265.465363	1.661664	0.00383
267.054382	1.660402	0.003617
268.643433	1.659143	0.003417
270.232513	1.657889	0.003237
271.821655	1.656643	0.003081
273.410828	1.655408	0.002953
275.000031	1.654188	0.002856
276.589264	1.652986	0.002792
278.178528	1.651805	0.002765
279.767822	1.650652	0.002776
281.357147	1.649531	0.002828
282.946533	1.648454	0.00292
284.53595	1.647431	0.003047
286.125366	1.646466	0.003198
287.714844	1.645561	0.003365
289.304352	1.644717	0.003539
290.89386	1.643931	0.003713
292.483459	1.643202	0.003879
294.073029	1.642525	0.004031
295.662659	1.641895	0.004163
297.252319	1.641304	0.00427
298.84201	1.640744	0.004353
300.431732	1.640213	0.004412
302.021484	1.639705	0.004447
303.611267	1.639217	0.004459
305.20105	1.638746	0.004449
306.790894	1.638289	0.004416
308.380768	1.637844	0.004361
309.970642	1.637406	0.004284
311.560577	1.636973	0.004187
313.150543	1.63654	0.00407
314.740509	1.636104	0.003938
316.330505	1.635666	0.003793
317.920532	1.635222	0.003637
319.51059	1.634772	0.003473
321.100677	1.634317	0.003304
322.690796	1.633855	0.003131
324.280914	1.633386	0.002956
325.871063	1.632911	0.002782
327.461243	1.63243	0.00261
329.051453	1.631945	0.002442
330.641693	1.631455	0.002279
332.231964	1.630961	0.002122
333.822235	1.630464	0.001972
335.412537	1.629966	0.00183
337.002869	1.629465	0.001697
338.593231	1.628965	0.001574
340.183594	1.628465	0.001462
341.773987	1.627967	0.001361
343.36441	1.627472	0.001272
344.954865	1.626981	0.001196
346.545319	1.626498	0.001133
348.135803	1.626025	0.001083
349.726288	1.625564	0.001042
351.316833	1.625115	0.00101
352.907349	1.624679	0.000985
354.497894	1.624257	0.000965
356.088501	1.623848	0.000948
357.679108	1.623452	0.000933
359.269714	1.623068	0.000918
360.860352	1.622697	0.000903
362.450989	1.622337	0.000885
364.041687	1.621987	0.000864
365.632385	1.621646	0.000838
367.223083	1.621312	0.000807
368.813782	1.620983	0.000771
370.404541	1.620657	0.00073
371.9953	1.620333	0.000685
373.58606	1.62001	0.000638
375.176849	1.619689	0.000588
376.767639	1.619368	0.000538
378.358459	1.619047	0.000487
379.94931	1.618727	0.000437
381.540161	1.618407	0.000387
383.131042	1.618087	0.000339
384.721893	1.617767	0.000294
386.312805	1.617448	0.000251
387.903687	1.617131	0.000212
389.494598	1.616814	0.000176
391.08551	1.6165	0.000145
392.676453	1.616189	0.000118
394.267426	1.615882	0.000094
395.858398	1.615579	0.000075
397.449371	1.61528	0.000058
399.040344	1.614986	0.000044
400.631348	1.614696	0.000033
402.222351	1.614411	0.000023
403.813385	1.61413	0.000016
405.404388	1.613854	0.000011
406.995422	1.613582	0.000007
408.586487	1.613315	0.000004
410.177551	1.613053	0.000002
411.768616	1.612795	0.000001
413.35968	1.612541	0
414.950745	1.612292	0
416.54184	1.612046	0
418.132904	1.611804	0
419.72403	1.611566	0
421.315125	1.611331	0
422.90625	1.611099	0
424.497375	1.61087	0
426.088531	1.610644	0
427.679626	1.610421	0
429.270813	1.6102	0
430.861908	1.609983	0
432.453064	1.609768	0
434.04425	1.609555	0
435.635345	1.609345	0
437.226501	1.609138	0
438.817688	1.608932	0
440.408844	1.60873	0
442.000061	1.608529	0
443.591217	1.60833	0
445.182373	1.608134	0
446.773529	1.60794	0
448.364685	1.607747	0
449.955902	1.607557	0
451.547058	1.607369	0
453.138245	1.607182	0
454.729431	1.606998	0
456.320618	1.606815	0
457.911774	1.606634	0
459.502991	1.606455	0
461.094147	1.606277	0
462.685303	1.606102	0
464.276459	1.605927	0
465.867676	1.605755	0
467.458832	1.605584	0
469.049988	1.605414	0
470.641174	1.605246	0
472.23233	1.60508	0
473.823486	1.604915	0
475.414642	1.604751	0
477.005768	1.604589	0
478.596924	1.604429	0
480.18808	1.604269	0
481.779205	1.604111	0
483.3703	1.603954	0
484.961487	1.603799	0
486.552582	1.603644	0
488.143707	1.603492	0
489.734802	1.60334	0
491.325867	1.603189	0
492.916992	1.60304	0
494.508057	1.602891	0
496.099182	1.602744	0
497.690247	1.602598	0
499.281311	1.602453	0
500.872314	1.602309	0
502.463379	1.602166	0
504.054382	1.602024	0
505.645416	1.601883	0
507.23642	1.601743	0
508.827454	1.601604	0
510.418457	1.601467	0
512.009399	1.60133	0
513.600403	1.601193	0
515.191345	1.601058	0
516.782288	1.600924	0
518.37323	1.600791	0
519.964172	1.600658	0
521.555054	1.600526	0
523.145935	1.600395	0
524.736877	1.600265	0
526.327759	1.600136	0
527.918579	1.600008	0
529.509399	1.59988	0
531.10022	1.599753	0
532.69104	1.599627	0
534.28186	1.599502	0
535.872681	1.599377	0
537.463379	1.599253	0
539.054138	1.59913	0
540.644897	1.599007	0
542.235596	1.598885	0
543.826294	1.598764	0
545.416992	1.598644	0
547.00769	1.598524	0
548.598267	1.598404	0
550.188904	1.598286	0
551.779541	1.598168	0
553.370117	1.59805	0
554.960693	1.597934	0
556.55127	1.597817	0
558.141785	1.597702	0
559.7323	1.597587	0
561.322815	1.597472	0
562.913269	1.597358	0
564.503723	1.597245	0
566.094116	1.597132	0
567.68457	1.597019	0
569.274963	1.596907	0
570.865295	1.596796	0
572.455688	1.596685	0
574.045959	1.596575	0
575.636292	1.596465	0
577.226501	1.596356	0
578.816772	1.596247	0
580.406982	1.596138	0
581.997192	1.59603	0
583.587341	1.595923	0
585.177551	1.595816	0
586.767639	1.595709	0
588.357788	1.595603	0
589.947815	1.595497	0
591.537842	1.595391	0
593.127869	1.595286	0
594.717896	1.595182	0
596.307861	1.595078	0
597.897766	1.594974	0
599.487671	1.59487	0
601.077576	1.594767	0
602.667419	1.594664	0
604.257202	1.594562	0
605.847046	1.59446	0
607.436829	1.594358	0
609.02655	1.594257	0
610.616272	1.594156	0
612.205933	1.594055	0
613.795532	1.593955	0
615.385193	1.593855	0
616.974731	1.593755	0
618.564331	1.593656	0
620.15387	1.593557	0
621.743347	1.593458	0
623.332825	1.59336	0
624.922241	1.593262	0
626.511597	1.593164	0
628.100952	1.593066	0
629.690308	1.592969	0
631.279602	1.592872	0
632.868835	1.592775	0
634.458069	1.592679	0
636.047241	1.592582	0
637.636353	1.592486	0
639.225464	1.592391	0
640.814575	1.592295	0
642.403625	1.5922	0
643.992615	1.592105	0
645.581604	1.59201	0
647.170532	1.591915	0
648.759399	1.591821	0
650.348267	1.591727	0
651.937134	1.591633	0
653.525879	1.59154	0
655.114624	1.591446	0
656.703308	1.591353	0
658.291992	1.59126	0
659.880615	1.591167	0
661.469177	1.591075	0
663.057739	1.590982	0
664.64624	1.59089	0
666.234741	1.590798	0
667.82312	1.590706	0
669.411499	1.590614	0
670.999878	1.590523	0
672.588135	1.590432	0
674.176392	1.59034	0
675.764587	1.590249	0
677.352783	1.590159	0
678.940918	1.590068	0
680.528992	1.589978	0
682.117065	1.589887	0
683.705017	1.589797	0
685.292969	1.589707	0
686.88092	1.589617	0
688.46875	1.589527	0
690.056519	1.589438	0
691.644348	1.589348	0
693.232056	1.589259	0
694.819702	1.58917	0
696.407349	1.589081	0
697.994934	1.588992	0
699.582458	1.588903	0
701.169983	1.588815	0
702.757446	1.588726	0
704.344849	1.588638	0
705.932129	1.588549	0
707.519409	1.588461	0
709.106689	1.588373	0
710.693909	1.588285	0
712.281067	1.588197	0
713.868103	1.58811	0
715.4552	1.588022	0
717.042175	1.587935	0
718.629089	1.587847	0
720.216003	1.58776	0
721.802856	1.587673	0
723.389648	1.587586	0
724.976379	1.587498	0
726.56311	1.587412	0
728.149719	1.587325	0
729.736267	1.587238	0
731.322815	1.587151	0
732.909302	1.587065	0
734.495728	1.586978	0
736.082092	1.586892	0
737.668335	1.586805	0
739.254639	1.586719	0
740.84082	1.586633	0
742.426941	1.586547	0
744.013062	1.58646	0
745.59906	1.586374	0
747.185059	1.586288	0
748.770996	1.586203	0
750.356812	1.586117	0
751.942688	1.586031	0
753.528442	1.585945	0
755.114136	1.58586	0
756.699707	1.585774	0
758.285278	1.585688	0
759.870789	1.585603	0
761.456238	1.585517	0
763.041626	1.585432	0
764.627014	1.585347	0
766.21228	1.585261	0
767.797485	1.585176	0
769.382629	1.585091	0
770.967712	1.585006	0
772.552734	1.584921	0
774.137695	1.584835	0
775.722595	1.58475	0
777.307495	1.584665	0
778.892212	1.58458	0
780.476929	1.584495	0
782.061646	1.58441	0
783.646179	1.584325	0
785.230713	1.584241	0
786.815186	1.584156	0
788.399597	1.584071	0
789.983948	1.583986	0
791.568237	1.583901	0
793.152405	1.583817	0
794.736511	1.583732	0
796.320618	1.583647	0
797.904663	1.583562	0
799.488586	1.583478	0
801.072388	1.583393	0
802.65625	1.583308	0
804.23999	1.583224	0
805.823608	1.583139	0
807.407227	1.583055	0
808.990784	1.58297	0
810.574219	1.582885	0
812.157593	1.582801	0
813.740967	1.582716	0
815.324219	1.582632	0
816.907349	1.582547	0
818.49054	1.582463	0
820.073547	1.582378	0
821.656555	1.582293	0
823.239441	1.582209	0
824.822266	1.582124	0
826.404968	1.58204	0
827.987671	1.581955	0
829.570313	1.581871	0
831.152832	1.581786	0
832.735352	1.581702	0
834.317688	1.581617	0
835.900024	1.581532	0
837.4823	1.581448	0
839.064453	1.581363	0
840.646606	1.581279	0
842.228638	1.581194	0
843.810547	1.581109	0
845.392395	1.581025	0
846.974243	1.58094	0
848.555847	1.580855	0
850.137512	1.580771	0
851.719116	1.580686	0
853.300598	1.580601	0
854.882019	1.580516	0
856.463379	1.580432	0
858.044617	1.580347	0
859.625793	1.580262	0
861.206848	1.580177	0
862.787903	1.580092	0
864.368835	1.580008	0
865.949707	1.579923	0
867.530457	1.579838	0
869.111145	1.579753	0
870.691772	1.579668	0
872.272339	1.579583	0
873.852722	1.579498	0
875.433228	1.579413	0
877.013489	1.579328	0
878.593628	1.579243	0
880.173828	1.579158	0
881.753784	1.579072	0
883.333801	1.578987	0
884.913696	1.578902	0
886.493469	1.578817	0
888.073242	1.578732	0
889.652832	1.578646	0
891.2323	1.578561	0
892.811829	1.578475	0
894.391235	1.57839	0
895.97052	1.578305	0
897.549683	1.578219	0
899.128784	1.578134	0
900.707825	1.578048	0
902.286804	1.577962	0
903.865601	1.577877	0
905.444458	1.577791	0
907.023071	1.577705	0
908.601685	1.57762	0
910.180176	1.577534	0
911.758606	1.577448	0
913.336914	1.577362	0
914.915161	1.577276	0
916.493347	1.57719	0
918.071411	1.577104	0
919.649292	1.577018	0
921.227234	1.576932	0
922.804993	1.576846	0
924.38269	1.576759	0
925.960327	1.576673	0
927.537781	1.576587	0
929.115234	1.576501	0
930.692566	1.576414	0
932.269836	1.576328	0
933.846985	1.576241	0
935.424011	1.576155	0
937.000977	1.576068	0
938.57782	1.575981	0
940.154602	1.575895	0
941.731262	1.575808	0
943.307922	1.575721	0
944.884399	1.575634	0
946.460754	1.575547	0
948.036987	1.57546	0
949.613281	1.575373	0
951.189331	1.575286	0
952.76532	1.575199	0
954.341309	1.575112	0
955.917114	1.575025	0
957.492798	1.574937	0
959.068359	1.57485	0
960.643921	1.574763	0
962.21936	1.574675	0
963.794617	1.574588	0
965.369934	1.5745	0
966.945007	1.574412	0
968.52002	1.574325	0
970.09491	1.574237	0
971.6698	1.574149	0
973.244507	1.574061	0
974.819153	1.573973	0
976.393677	1.573885	0
977.968079	1.573797	0
979.542358	1.573709	0
981.116577	1.573621	0
982.690735	1.573532	0
984.264771	1.573444	0
985.838684	1.573356	0
987.412415	1.573267	0
988.986145	1.573179	0
990.559753	1.57309	0
992.133179	1.573001	0
993.706665	1.572913	0
995.279907	1.572824	0
996.853027	1.572735	0
998.426147	1.572646	0
999.999146	1.572557	0
1012.878723	1.571826	0
1016.250183	1.571633	0
1019.622375	1.571441	0
1022.995239	1.571247	0
1026.368652	1.571054	0
1029.74292	1.57086	0
1033.117676	1.570666	0
1036.493286	1.570471	0
1039.869385	1.570276	0
1043.246338	1.57008	0
1046.623779	1.569884	0
1050.001953	1.569688	0
1053.380859	1.569491	0
1056.760498	1.569294	0
1060.140625	1.569096	0
1063.521484	1.568898	0
1066.903076	1.568699	0
1070.2854	1.5685	0
1073.668213	1.568301	0
1077.051758	1.568101	0
1080.436035	1.567901	0
1083.820923	1.5677	0
1087.206543	1.567499	0
1090.592773	1.567297	0
1093.979736	1.567095	0
1097.36731	1.566892	0
1100.755615	1.566689	0
1104.144531	1.566485	0
1107.53418	1.566281	0
1110.924438	1.566077	0
1114.31543	1.565872	0
1117.707031	1.565666	0
1121.099365	1.56546	0
1124.49231	1.565254	0
1127.885986	1.565047	0
1131.280273	1.564839	0
1134.675293	1.564632	0
1138.070923	1.564423	0
1141.467285	1.564214	0
1144.864258	1.564005	0
1148.261963	1.563795	0
1151.660278	1.563585	0
1155.059326	1.563374	0
1158.458984	1.563162	0
1161.859253	1.56295	0
1165.260376	1.562738	0
1168.661987	1.562525	0
1172.064453	1.562312	0
1175.467529	1.562097	0
1178.871216	1.561883	0
1182.275635	1.561668	0
1185.680664	1.561452	0
1189.086304	1.561236	0
1192.492798	1.56102	0
1195.89978	1.560803	0
1199.307617	1.560585	0
1202.716064	1.560367	0
1206.125122	1.560148	0
1209.534912	1.559929	0
1212.945313	1.559709	0
1216.356445	1.559489	0
1219.768188	1.559268	0
1223.180664	1.559046	0
1226.59375	1.558824	0
1230.007568	1.558602	0
1233.421997	1.558379	0
1236.837158	1.558155	0
1240.25293	1.557931	0
1243.669434	1.557706	0
1247.086548	1.557481	0
1250.504395	1.557255	0
1253.922852	1.557029	0
1257.342041	1.556802	0
1260.761841	1.556574	0
1264.182373	1.556346	0
1267.603516	1.556117	0
1271.025391	1.555888	0
1274.447998	1.555658	0
1277.871094	1.555428	0
1281.294922	1.555197	0
1284.719482	1.554965	0
1288.144775	1.554733	0
1291.570557	1.554501	0
1294.997192	1.554267	0
1298.424316	1.554034	0
1301.852295	1.553799	0
1305.280762	1.553564	0
1308.710083	1.553329	0
1312.139893	1.553092	0
1315.570557	1.552856	0
1319.001709	1.552618	0
1322.433716	1.55238	0
1325.866333	1.552142	0
1329.299561	1.551903	0
1332.733521	1.551663	0
1336.168091	1.551423	0
1339.603271	1.551182	0
1343.039307	1.55094	0
1346.47583	1.550698	0
1349.913208	1.550455	0
1353.351196	1.550212	0
1356.789795	1.549968	0
1360.229126	1.549724	0
1363.669189	1.549478	0
1367.109741	1.549233	0
1370.551025	1.548986	0
1373.993042	1.548739	0
1377.435791	1.548492	0
1380.87915	1.548243	0
1384.322998	1.547995	0
1387.767822	1.547745	0
1391.213135	1.547495	0
1394.65918	1.547244	0
1398.105835	1.546993	0
1401.553223	1.546741	0
1405.001221	1.546489	0
1408.449951	1.546235	0
1411.899292	1.545982	0
1415.349365	1.545727	0
1418.800049	1.545472	0
1422.251465	1.545216	0
1425.703491	1.54496	0
1429.15625	1.544703	0
1432.609619	1.544446	0
1436.063721	1.544187	0
1439.518555	1.543929	0
1442.973877	1.543669	0
1446.430054	1.543409	0
1449.886841	1.543148	0
1453.344238	1.542887	0
1456.802368	1.542625	0
1460.261108	1.542362	0
1463.720581	1.542099	0
1467.180786	1.541835	0
1470.641479	1.54157	0
1474.103027	1.541305	0
1477.565186	1.541039	0
1481.027954	1.540772	0
1484.491455	1.540505	0
1487.955566	1.540237	0
1491.42041	1.539968	0
1494.885986	1.539699	0
1498.352051	1.539429	0
1501.81897	1.539159	0
1505.286377	1.538888	0
1508.754639	1.538616	0
1512.223389	1.538343	0
1515.692993	1.53807	0
1519.163208	1.537796	0
1522.634033	1.537522	0
1526.105591	1.537247	0
1529.577881	1.536971	0
1533.050659	1.536694	0
1536.52417	1.536417	0
1539.998413	1.536139	0
1543.473389	1.535861	0
1546.948975	1.535582	0
1550.425171	1.535302	0
1553.9021	1.535021	0
1557.379639	1.53474	0
1560.85791	1.534458	0
1564.336792	1.534176	0
1567.816528	1.533893	0
1571.296753	1.533609	0
1574.777588	1.533324	0
1578.259277	1.533039	0
1581.741577	1.532753	0
1585.224487	1.532466	0
1588.708252	1.532179	0
1592.192505	1.531891	0
1595.67749	1.531602	0
1599.163086	1.531313	0
1602.649414	1.531023	0
1606.136475	1.530732	0
1609.624023	1.530441	0
1613.112427	1.530148	0
1616.601318	1.529856	0
1620.091064	1.529562	0
1623.581299	1.529268	0
1627.072388	1.528973	0
1630.564087	1.528677	0
1634.056396	1.528381	0
1637.549561	1.528084	0
1641.043213	1.527786	0
1644.537476	1.527488	0
1648.032593	1.527189	0
1651.52832	1.526889	0
1655.024658	1.526588	0
1658.521729	1.526287	0
1662.019531	1.525985	0
1665.517944	1.525682	0
1669.016968	1.525379	0
1672.516846	1.525075	0
1676.017212	1.52477	0
1679.518188	1.524464	0
1683.019897	1.524158	0
1686.522461	1.523851	0
