192.414993	1.036453	2.300367
194.001999	1.05451	2.334635
195.589081	1.059189	2.332438
197.176178	1.007977	2.340159
198.763351	0.947681	2.416913
200.350571	0.944773	2.53113
201.937836	0.989332	2.629668
203.525162	1.054417	2.702926
205.112518	1.130854	2.754348
206.699921	1.21434	2.778492
208.287399	1.286499	2.769158
209.874908	1.321346	2.742924
211.462448	1.324808	2.738194
213.050049	1.332414	2.764618
214.637695	1.362255	2.794475
216.225388	1.399227	2.810313
217.813141	1.427396	2.818166
219.400925	1.448032	2.829114
220.98877	1.467574	2.845691
222.57663	1.489056	2.86499
224.164581	1.512366	2.885277
225.752533	1.537156	2.905952
227.340546	1.563424	2.926706
228.928619	1.591271	2.94701
230.516693	1.620257	2.966036
232.104858	1.649313	2.983546
233.693039	1.677353	3.000475
235.281281	1.70494	3.018312
236.869537	1.733558	3.037397
238.457855	1.764534	3.056513
240.046219	1.797565	3.074112
241.634598	1.831869	3.089358
243.223053	1.866512	3.101668
244.811523	1.900266	3.110792
246.400055	1.931747	3.116915
247.988602	1.959518	3.120779
249.577194	1.982233	3.123559
251.165848	1.998143	3.127141
252.754517	2.005996	3.136459
254.343231	2.009799	3.156951
255.932007	2.016039	3.190493
257.520813	2.031982	3.234498
259.10965	2.060399	3.282564
260.698517	2.100945	3.330149
262.287415	2.153052	3.373462
263.876373	2.214584	3.407652
265.465363	2.280452	3.429717
267.054382	2.344646	3.439275
268.643433	2.400634	3.440239
270.232513	2.447763	3.440156
271.821655	2.489336	3.443363
273.410828	2.529903	3.451599
275.000031	2.573893	3.462474
276.589264	2.62145	3.472314
278.178528	2.67113	3.479229
279.767822	2.720886	3.482558
281.357147	2.76893	3.483567
282.946533	2.815353	3.483818
284.53595	2.860839	3.484135
286.125366	2.906364	3.484822
287.714844	2.952854	3.485251
289.304352	3.000283	3.484562
290.89386	3.048286	3.482275
292.483459	3.096366	3.478151
294.073029	3.14394	3.472331
295.662659	3.19081	3.465227
297.252319	3.236988	3.457115
298.84201	3.282546	3.448177
300.431732	3.327596	3.43853
302.021484	3.372245	3.428208
303.611267	3.416558	3.417224
305.20105	3.460608	3.405587
306.790894	3.504487	3.393284
308.380768	3.548311	3.380228
309.970642	3.592087	3.366236
311.560577	3.635723	3.35118
313.150543	3.679101	3.334979
314.740509	3.722073	3.317593
316.330505	3.76447	3.299057
317.920532	3.806195	3.279475
319.51059	3.84721	3.25893
321.100677	3.88749	3.237484
322.690796	3.927022	3.215187
324.280914	3.965803	3.192066
325.871063	4.003808	3.168114
327.461243	4.040975	3.143336
329.051453	4.077228	3.117751
330.641693	4.112466	3.091395
332.231964	4.146546	3.064343
333.822235	4.179337	3.036821
335.412537	4.210881	3.009083
337.002869	4.241295	2.981317
338.593231	4.270744	2.953663
340.183594	4.299446	2.926208
341.773987	4.327727	2.898915
343.36441	4.355785	2.871429
344.954865	4.383506	2.843419
346.545319	4.410646	2.814665
348.135803	4.436853	2.785033
349.726288	4.461623	2.754494
351.316833	4.484132	2.723324
352.907349	4.503805	2.692751
354.497894	4.52103	2.664028
356.088501	4.536599	2.638098
357.679108	4.551605	2.615664
359.269714	4.567484	2.597177
360.860352	4.586257	2.582688
362.450989	4.610476	2.570547
364.041687	4.640758	2.557814
365.632385	4.676493	2.542177
367.223083	4.716545	2.52182
368.813782	4.759387	2.495325
370.404541	4.80309	2.461646
371.9953	4.845024	2.420269
373.58606	4.882308	2.372611
375.176849	4.913899	2.320876
376.767639	4.939549	2.266784
378.358459	4.959354	2.211749
379.94931	4.973637	2.156981
381.540161	4.982925	2.103535
383.131042	4.988011	2.052298
384.721893	4.989988	2.003653
386.312805	4.989563	1.957491
387.903687	4.987175	1.913758
389.494598	4.98319	1.872439
391.08551	4.977948	1.833535
392.676453	4.971793	1.797055
394.267426	4.965099	1.762998
395.858398	4.958342	1.731315
397.449371	4.952017	1.701679
399.040344	4.946354	1.673652
400.631348	4.941449	1.646859
402.222351	4.937322	1.62096
403.813385	4.933935	1.595653
405.404388	4.931192	1.570663
406.995422	4.928942	1.545746
408.586487	4.926939	1.5207
410.177551	4.924853	1.495517
411.768616	4.922513	1.470328
413.35968	4.91984	1.445243
414.950745	4.916795	1.420354
416.54184	4.913368	1.395742
418.132904	4.909564	1.371479
419.72403	4.905409	1.347627
421.315125	4.900946	1.324244
422.90625	4.89625	1.301369
424.497375	4.891404	1.278984
426.088531	4.886448	1.25705
427.679626	4.881408	1.235535
429.270813	4.876298	1.214408
430.861908	4.871129	1.193642
432.453064	4.865903	1.173213
434.04425	4.860623	1.153095
435.635345	4.855285	1.133269
437.226501	4.84988	1.113715
438.817688	4.844392	1.094424
440.408844	4.838812	1.075395
442.000061	4.833138	1.056631
443.591217	4.82737	1.038132
445.182373	4.821508	1.019896
446.773529	4.815554	1.001924
448.364685	4.809511	0.984214
449.955902	4.80338	0.966766
451.547058	4.797167	0.949578
453.138245	4.790874	0.93265
454.729431	4.784506	0.915979
456.320618	4.778069	0.899562
457.911774	4.771564	0.883398
459.502991	4.764997	0.867482
461.094147	4.75837	0.851812
462.685303	4.751688	0.836386
464.276459	4.744953	0.821201
465.867676	4.73817	0.806254
467.458832	4.731342	0.791543
469.049988	4.724473	0.777066
470.641174	4.717567	0.762819
472.23233	4.71063	0.748799
473.823486	4.703664	0.735003
475.414642	4.696673	0.721427
477.005768	4.689661	0.708066
478.596924	4.68263	0.694917
480.18808	4.675582	0.681976
481.779205	4.668522	0.669241
483.3703	4.661451	0.656707
484.961487	4.654373	0.644372
486.552582	4.64729	0.632231
488.143707	4.640206	0.620283
489.734802	4.633127	0.608522
491.325867	4.626055	0.596944
492.916992	4.618993	0.58554
494.508057	4.611944	0.574306
496.099182	4.604907	0.563233
497.690247	4.597882	0.552318
499.281311	4.590869	0.541553
500.872314	4.583868	0.530934
502.463379	4.576876	0.520455
504.054382	4.569891	0.51011
505.645416	4.562912	0.499896
507.23642	4.555933	0.489807
508.827454	4.54895	0.479839
510.418457	4.541955	0.469991
512.009399	4.534941	0.460267
513.600403	4.527905	0.450669
515.191345	4.520848	0.441202
516.782288	4.513768	0.431869
518.37323	4.506665	0.422672
519.964172	4.49954	0.413615
521.555054	4.492396	0.404699
523.145935	4.485233	0.395929
524.736877	4.478055	0.387305
526.327759	4.470864	0.378831
527.918579	4.463665	0.370509
529.509399	4.456461	0.362339
531.10022	4.449261	0.354325
532.69104	4.44207	0.346463
534.28186	4.434896	0.33875
535.872681	4.427741	0.331181
537.463379	4.420608	0.323753
539.054138	4.4135	0.316461
540.644897	4.406419	0.309302
542.235596	4.399366	0.302271
543.826294	4.392344	0.295367
545.416992	4.385351	0.288585
547.00769	4.378389	0.281921
548.598267	4.37146	0.275374
550.188904	4.364563	0.268938
551.779541	4.357697	0.262613
553.370117	4.350864	0.256394
554.960693	4.344063	0.250278
556.55127	4.337291	0.244265
558.141785	4.330549	0.238351
559.7323	4.323837	0.232537
561.322815	4.317154	0.22682
562.913269	4.3105	0.221199
564.503723	4.303875	0.215673
566.094116	4.297279	0.21024
567.68457	4.290713	0.204899
569.274963	4.284175	0.199648
570.865295	4.277667	0.194487
572.455688	4.271186	0.189414
574.045959	4.264736	0.184427
575.636292	4.258313	0.179526
577.226501	4.251919	0.17471
578.816772	4.245553	0.169976
580.406982	4.239216	0.165325
581.997192	4.232907	0.160755
583.587341	4.226624	0.156265
585.177551	4.220369	0.151855
586.767639	4.214141	0.147525
588.357788	4.20794	0.143273
589.947815	4.201766	0.1391
591.537842	4.195621	0.135005
593.127869	4.189502	0.130987
594.717896	4.183412	0.127046
596.307861	4.177351	0.123181
597.897766	4.171318	0.119391
599.487671	4.165314	0.115677
601.077576	4.15934	0.112037
602.667419	4.153397	0.108471
604.257202	4.147484	0.104979
605.847046	4.141603	0.10156
607.436829	4.135756	0.098214
609.02655	4.129942	0.094939
610.616272	4.124164	0.091735
612.205933	4.118423	0.0886
613.795532	4.112721	0.085531
615.385193	4.107057	0.082526
616.974731	4.101431	0.079583
618.564331	4.095844	0.076701
620.15387	4.090295	0.073876
621.743347	4.084785	0.071108
623.332825	4.079312	0.068395
624.922241	4.073877	0.065734
626.511597	4.068478	0.063124
628.100952	4.063116	0.060563
629.690308	4.057788	0.05805
631.279602	4.052494	0.055582
632.868835	4.047232	0.053159
634.458069	4.042002	0.050778
636.047241	4.036802	0.048438
637.636353	4.031629	0.046137
639.225464	4.02648	0.043874
640.814575	4.021353	0.041648
642.403625	4.016242	0.03946
643.992615	4.011145	0.037312
645.581604	4.006059	0.035208
647.170532	4.000985	0.033149
648.759399	3.99592	0.031138
650.348267	3.990865	0.029178
651.937134	3.985819	0.02727
653.525879	3.980783	0.025418
655.114624	3.975758	0.023622
656.703308	3.970743	0.021886
658.291992	3.96574	0.020211
659.880615	3.960751	0.018599
661.469177	3.955777	0.017052
663.057739	3.950818	0.015572
664.64624	3.945878	0.014162
666.234741	3.940958	0.012822
667.82312	3.93606	0.011554
669.411499	3.931188	0.010361
670.999878	3.926344	0.009243
672.588135	3.921533	0.008203
674.176392	3.916758	0.007241
675.764587	3.912026	0.00636
677.352783	3.907344	0.005556
678.940918	3.902717	0.004826
680.528992	3.898148	0.004165
682.117065	3.893641	0.003569
683.705017	3.889197	0.003035
685.292969	3.884818	0.002559
686.88092	3.880505	0.002137
688.46875	3.87626	0.001766
690.056519	3.872083	0.001441
691.644348	3.867975	0.00116
693.232056	3.863937	0.000919
694.819702	3.859967	0.000715
696.407349	3.856066	0.000544
697.994934	3.852235	0.000403
699.582458	3.848472	0.000289
701.169983	3.844776	0.000199
702.757446	3.841147	0.000131
704.344849	3.837585	0.00008
705.932129	3.834087	0.000045
707.519409	3.830652	0.000022
709.106689	3.82728	0.000008
710.693909	3.823968	0.000002
712.281067	3.820713	0
713.868103	3.817514	0
715.4552	3.814367	0
717.042175	3.811267	0
718.629089	3.808215	0
720.216003	3.805206	0
721.802856	3.80224	0
723.389648	3.799314	0
724.976379	3.796429	0
726.56311	3.793582	0
728.149719	3.790772	0
729.736267	3.787999	0
731.322815	3.785261	0
732.909302	3.782557	0
734.495728	3.779886	0
736.082092	3.777248	0
737.668335	3.774642	0
739.254639	3.772066	0
740.84082	3.769521	0
742.426941	3.767006	0
744.013062	3.764519	0
745.59906	3.762061	0
747.185059	3.75963	0
748.770996	3.757227	0
750.356812	3.75485	0
751.942688	3.752499	0
753.528442	3.750174	0
755.114136	3.747873	0
756.699707	3.745597	0
758.285278	3.743345	0
759.870789	3.741117	0
761.456238	3.738912	0
763.041626	3.73673	0
764.627014	3.73457	0
766.21228	3.732432	0
767.797485	3.730315	0
769.382629	3.72822	0
770.967712	3.726146	0
772.552734	3.724092	0
774.137695	3.722058	0
775.722595	3.720044	0
777.307495	3.718049	0
778.892212	3.716074	0
780.476929	3.714117	0
782.061646	3.712179	0
783.646179	3.710259	0
785.230713	3.708358	0
786.815186	3.706474	0
788.399597	3.704607	0
789.983948	3.702758	0
791.568237	3.700925	0
793.152405	3.69911	0
794.736511	3.69731	0
796.320618	3.695527	0
797.904663	3.69376	0
799.488586	3.692008	0
801.072388	3.690272	0
802.65625	3.688551	0
804.23999	3.686846	0
805.823608	3.685155	0
807.407227	3.683479	0
808.990784	3.681817	0
810.574219	3.680169	0
812.157593	3.678536	0
813.740967	3.676916	0
815.324219	3.67531	0
816.907349	3.673718	0
818.49054	3.672139	0
820.073547	3.670573	0
821.656555	3.66902	0
823.239441	3.66748	0
824.822266	3.665952	0
826.404968	3.664437	0
827.987671	3.662935	0
829.570313	3.661444	0
831.152832	3.659966	0
832.735352	3.658499	0
834.317688	3.657044	0
835.900024	3.655601	0
837.4823	3.654169	0
839.064453	3.652748	0
840.646606	3.651338	0
842.228638	3.64994	0
843.810547	3.648552	0
845.392395	3.647175	0
846.974243	3.645809	0
848.555847	3.644454	0
850.137512	3.643108	0
851.719116	3.641773	0
853.300598	3.640448	0
854.882019	3.639133	0
856.463379	3.637828	0
858.044617	3.636533	0
859.625793	3.635247	0
861.206848	3.633971	0
862.787903	3.632705	0
864.368835	3.631448	0
865.949707	3.6302	0
867.530457	3.628961	0
869.111145	3.627732	0
870.691772	3.626511	0
872.272339	3.625299	0
873.852722	3.624096	0
875.433228	3.622901	0
877.013489	3.621715	0
878.593628	3.620538	0
880.173828	3.619369	0
881.753784	3.618208	0
883.333801	3.617055	0
884.913696	3.615911	0
886.493469	3.614774	0
888.073242	3.613646	0
889.652832	3.612525	0
891.2323	3.611412	0
892.811829	3.610307	0
894.391235	3.60921	0
895.97052	3.608119	0
897.549683	3.607037	0
899.128784	3.605962	0
900.707825	3.604894	0
902.286804	3.603833	0
903.865601	3.60278	0
905.444458	3.601733	0
907.023071	3.600694	0
908.601685	3.599662	0
910.180176	3.598636	0
911.758606	3.597617	0
913.336914	3.596605	0
914.915161	3.5956	0
916.493347	3.594601	0
918.071411	3.593609	0
919.649292	3.592624	0
921.227234	3.591644	0
922.804993	3.590672	0
924.38269	3.589705	0
925.960327	3.588744	0
927.537781	3.58779	0
929.115234	3.586842	0
930.692566	3.5859	0
932.269836	3.584964	0
933.846985	3.584034	0
935.424011	3.58311	0
937.000977	3.582192	0
938.57782	3.581279	0
940.154602	3.580372	0
941.731262	3.579471	0
943.307922	3.578575	0
944.884399	3.577685	0
946.460754	3.576801	0
948.036987	3.575922	0
949.613281	3.575048	0
951.189331	3.57418	0
952.76532	3.573317	0
954.341309	3.572459	0
955.917114	3.571607	0
957.492798	3.57076	0
959.068359	3.569918	0
960.643921	3.569081	0
962.21936	3.568249	0
963.794617	3.567422	0
965.369934	3.5666	0
966.945007	3.565783	0
968.52002	3.56497	0
970.09491	3.564163	0
971.6698	3.56336	0
973.244507	3.562562	0
974.819153	3.561769	0
976.393677	3.56098	0
977.968079	3.560196	0
979.542358	3.559417	0
981.116577	3.558642	0
982.690735	3.557871	0
984.264771	3.557105	0
985.838684	3.556344	0
987.412415	3.555587	0
988.986145	3.554834	0
990.559753	3.554085	0
992.133179	3.553341	0
993.706665	3.552601	0
995.279907	3.551865	0
996.853027	3.551133	0
998.426147	3.550406	0
999.999146	3.549682	0
1012.878723	3.543906	0
1016.250183	3.542437	0
1019.622375	3.540984	0
1022.995239	3.539547	0
1026.368652	3.538126	0
1029.74292	3.536721	0
1033.117676	3.535332	0
1036.493286	3.533958	0
1039.869385	3.532599	0
1043.246338	3.531255	0
1046.623779	3.529926	0
1050.001953	3.528611	0
1053.380859	3.52731	0
1056.760498	3.526023	0
1060.140625	3.524749	0
1063.521484	3.523489	0
1066.903076	3.522243	0
1070.2854	3.521009	0
1073.668213	3.519788	0
1077.051758	3.51858	0
1080.436035	3.517384	0
1083.820923	3.5162	0
1087.206543	3.515029	0
1090.592773	3.513869	0
1093.979736	3.512721	0
1097.36731	3.511585	0
1100.755615	3.51046	0
1104.144531	3.509346	0
1107.53418	3.508243	0
1110.924438	3.507151	0
1114.31543	3.50607	0
1117.707031	3.504999	0
1121.099365	3.503939	0
1124.49231	3.502889	0
1127.885986	3.501848	0
1131.280273	3.500818	0
1134.675293	3.499798	0
1138.070923	3.498787	0
1141.467285	3.497786	0
1144.864258	3.496794	0
1148.261963	3.495812	0
1151.660278	3.494838	0
1155.059326	3.493874	0
1158.458984	3.492918	0
1161.859253	3.491971	0
1165.260376	3.491033	0
1168.661987	3.490103	0
1172.064453	3.489182	0
1175.467529	3.488269	0
1178.871216	3.487364	0
1182.275635	3.486467	0
1185.680664	3.485578	0
1189.086304	3.484697	0
1192.492798	3.483824	0
1195.89978	3.482958	0
1199.307617	3.4821	0
1202.716064	3.481249	0
1206.125122	3.480405	0
1209.534912	3.479569	0
1212.945313	3.47874	0
1216.356445	3.477918	0
1219.768188	3.477103	0
1223.180664	3.476294	0
1226.59375	3.475492	0
1230.007568	3.474698	0
1233.421997	3.473909	0
1236.837158	3.473127	0
1240.25293	3.472352	0
1243.669434	3.471583	0
1247.086548	3.47082	0
1250.504395	3.470063	0
1253.922852	3.469313	0
1257.342041	3.468568	0
1260.761841	3.467829	0
1264.182373	3.467097	0
1267.603516	3.46637	0
1271.025391	3.465649	0
1274.447998	3.464933	0
1277.871094	3.464223	0
1281.294922	3.463519	0
1284.719482	3.46282	0
1288.144775	3.462126	0
1291.570557	3.461438	0
1294.997192	3.460755	0
1298.424316	3.460077	0
1301.852295	3.459404	0
1305.280762	3.458736	0
1308.710083	3.458073	0
1312.139893	3.457416	0
1315.570557	3.456763	0
1319.001709	3.456115	0
1322.433716	3.455472	0
1325.866333	3.454833	0
1329.299561	3.454199	0
1332.733521	3.453569	0
1336.168091	3.452945	0
1339.603271	3.452324	0
1343.039307	3.451709	0
1346.47583	3.451097	0
1349.913208	3.45049	0
1353.351196	3.449887	0
1356.789795	3.449288	0
1360.229126	3.448694	0
1363.669189	3.448103	0
1367.109741	3.447517	0
1370.551025	3.446935	0
1373.993042	3.446357	0
1377.435791	3.445782	0
1380.87915	3.445212	0
1384.322998	3.444646	0
1387.767822	3.444083	0
1391.213135	3.443524	0
1394.65918	3.442969	0
1398.105835	3.442417	0
1401.553223	3.441869	0
1405.001221	3.441325	0
1408.449951	3.440784	0
1411.899292	3.440247	0
1415.349365	3.439713	0
1418.800049	3.439183	0
1422.251465	3.438656	0
1425.703491	3.438133	0
1429.15625	3.437613	0
1432.609619	3.437096	0
1436.063721	3.436583	0
1439.518555	3.436072	0
1442.973877	3.435565	0
1446.430054	3.435061	0
1449.886841	3.43456	0
1453.344238	3.434062	0
1456.802368	3.433568	0
1460.261108	3.433076	0
1463.720581	3.432587	0
1467.180786	3.432101	0
1470.641479	3.431619	0
1474.103027	3.431139	0
1477.565186	3.430661	0
1481.027954	3.430187	0
1484.491455	3.429716	0
1487.955566	3.429247	0
1491.42041	3.428781	0
1494.885986	3.428318	0
1498.352051	3.427857	0
1501.81897	3.4274	0
1505.286377	3.426944	0
1508.754639	3.426492	0
1512.223389	3.426042	0
1515.692993	3.425594	0
1519.163208	3.425149	0
1522.634033	3.424706	0
1526.105591	3.424266	0
1529.577881	3.423829	0
1533.050659	3.423393	0
1536.52417	3.422961	0
1539.998413	3.42253	0
1543.473389	3.422102	0
1546.948975	3.421676	0
1550.425171	3.421253	0
1553.9021	3.420832	0
1557.379639	3.420413	0
1560.85791	3.419996	0
1564.336792	3.419582	0
1567.816528	3.419169	0
1571.296753	3.418759	0
1574.777588	3.418351	0
1578.259277	3.417945	0
1581.741577	3.417541	0
1585.224487	3.417139	0
1588.708252	3.416739	0
1592.192505	3.416342	0
1595.67749	3.415946	0
1599.163086	3.415552	0
1602.649414	3.415161	0
1606.136475	3.414771	0
1609.624023	3.414383	0
1613.112427	3.413997	0
1616.601318	3.413613	0
1620.091064	3.413231	0
1623.581299	3.41285	0
1627.072388	3.412472	0
1630.564087	3.412095	0
1634.056396	3.411721	0
1637.549561	3.411347	0
1641.043213	3.410976	0
1644.537476	3.410606	0
1648.032593	3.410239	0
1651.52832	3.409872	0
1655.024658	3.409508	0
1658.521729	3.409145	0
1662.019531	3.408784	0
1665.517944	3.408425	0
1669.016968	3.408067	0
1672.516846	3.407711	0
1676.017212	3.407356	0
1679.518188	3.407003	0
1683.019897	3.406651	0
