192.414993	1.377209	1.142791
194.001999	1.388475	1.149024
195.589081	1.399826	1.155158
197.176178	1.411265	1.161192
198.763351	1.422792	1.167125
200.350571	1.434407	1.172953
201.937836	1.446112	1.178675
203.525162	1.457906	1.18429
205.112518	1.469791	1.189793
206.699921	1.481767	1.195184
208.287399	1.493834	1.20046
209.874908	1.505993	1.205617
211.462448	1.518244	1.210654
213.050049	1.530587	1.215567
214.637695	1.543022	1.220354
216.225388	1.555549	1.225012
217.813141	1.568168	1.229537
219.400925	1.580879	1.233927
220.98877	1.593682	1.238178
222.57663	1.606574	1.242287
224.164581	1.619557	1.24625
225.752533	1.63263	1.250064
227.340546	1.645791	1.253727
228.928619	1.659039	1.257233
230.516693	1.672373	1.260579
232.104858	1.685792	1.263762
233.693039	1.699294	1.266778
235.281281	1.712878	1.269623
236.869537	1.726542	1.272293
238.457855	1.740283	1.274785
240.046219	1.754099	1.277095
241.634598	1.767988	1.279218
243.223053	1.781947	1.281151
244.811523	1.795974	1.28289
246.400055	1.810066	1.284432
247.988602	1.824218	1.285771
249.577194	1.838428	1.286906
251.165848	1.852693	1.287831
252.754517	1.867007	1.288544
254.343231	1.881368	1.28904
255.932007	1.895771	1.289316
257.520813	1.910211	1.289369
259.10965	1.924684	1.289195
260.698517	1.939185	1.288792
262.287415	1.953709	1.288155
263.876373	1.96825	1.287283
265.465363	1.982803	1.286172
267.054382	1.997362	1.284819
268.643433	2.011922	1.283223
270.232513	2.026476	1.281381
271.821655	2.041018	1.279291
273.410828	2.055541	1.276951
275.000031	2.070039	1.27436
276.589264	2.084505	1.271516
278.178528	2.098933	1.268418
279.767822	2.113314	1.265065
281.357147	2.127642	1.261457
282.946533	2.141911	1.257594
284.53595	2.156111	1.253475
286.125366	2.170237	1.249101
287.714844	2.18428	1.244473
289.304352	2.198233	1.239591
290.89386	2.212088	1.234457
292.483459	2.225838	1.229072
294.073029	2.239475	1.223439
295.662659	2.252992	1.217559
297.252319	2.266381	1.211435
298.84201	2.279635	1.205071
300.431732	2.292746	1.198469
302.021484	2.305707	1.191633
303.611267	2.318511	1.184567
305.20105	2.331151	1.177276
306.790894	2.343621	1.169763
308.380768	2.355912	1.162034
309.970642	2.36802	1.154094
311.560577	2.379937	1.145949
313.150543	2.391658	1.137604
314.740509	2.403177	1.129064
316.330505	2.414489	1.120337
317.920532	2.425587	1.11143
319.51059	2.436467	1.102348
321.100677	2.447125	1.093098
322.690796	2.457556	1.083688
324.280914	2.467757	1.074126
325.871063	2.477722	1.064417
327.461243	2.487449	1.054571
329.051453	2.496935	1.044594
330.641693	2.506177	1.034495
332.231964	2.515173	1.024281
333.822235	2.523921	1.01396
335.412537	2.532418	1.003541
337.002869	2.540664	0.99303
338.593231	2.548658	0.982436
340.183594	2.556399	0.971768
341.773987	2.563886	0.961032
343.36441	2.57112	0.950237
344.954865	2.578101	0.939391
346.545319	2.584829	0.9285
348.135803	2.591305	0.917574
349.726288	2.597532	0.906618
351.316833	2.603509	0.895641
352.907349	2.60924	0.88465
354.497894	2.614725	0.873651
356.088501	2.619967	0.862652
357.679108	2.62497	0.851659
359.269714	2.629735	0.840679
360.860352	2.634265	0.829718
362.450989	2.638564	0.818782
364.041687	2.642636	0.807877
365.632385	2.646482	0.797009
367.223083	2.650108	0.786183
368.813782	2.653517	0.775404
370.404541	2.656713	0.764678
371.9953	2.659699	0.754009
373.58606	2.662481	0.743401
375.176849	2.665063	0.73286
376.767639	2.667448	0.722389
378.358459	2.669641	0.711992
379.94931	2.671647	0.701673
381.540161	2.673471	0.691435
383.131042	2.675116	0.681282
384.721893	2.676587	0.671216
386.312805	2.677889	0.661241
387.903687	2.679027	0.651359
389.494598	2.680004	0.641572
391.08551	2.680827	0.631883
392.676453	2.681498	0.622293
394.267426	2.682024	0.612805
395.858398	2.682407	0.603421
397.449371	2.682653	0.594141
399.040344	2.682767	0.584967
400.631348	2.682752	0.575901
402.222351	2.682613	0.566943
403.813385	2.682353	0.558094
405.404388	2.681979	0.549355
406.995422	2.681492	0.540726
408.586487	2.680898	0.532209
410.177551	2.680201	0.523802
411.768616	2.679404	0.515508
413.35968	2.678511	0.507325
414.950745	2.677526	0.499254
416.54184	2.676453	0.491294
418.132904	2.675294	0.483446
419.72403	2.674055	0.475709
421.315125	2.672738	0.468083
422.90625	2.671346	0.460567
424.497375	2.669883	0.453161
426.088531	2.668352	0.445864
427.679626	2.666756	0.438676
429.270813	2.665098	0.431596
430.861908	2.663381	0.424623
432.453064	2.661607	0.417756
434.04425	2.65978	0.410995
435.635345	2.657903	0.404338
437.226501	2.655977	0.397785
438.817688	2.654005	0.391335
440.408844	2.65199	0.384986
442.000061	2.649935	0.378738
443.591217	2.64784	0.372589
445.182373	2.645709	0.366538
446.773529	2.643544	0.360585
448.364685	2.641347	0.354728
449.955902	2.639119	0.348965
451.547058	2.636863	0.343297
453.138245	2.634581	0.337721
454.729431	2.632274	0.332236
456.320618	2.629944	0.326842
457.911774	2.627593	0.321536
459.502991	2.625222	0.316318
461.094147	2.622833	0.311187
462.685303	2.620427	0.306141
464.276459	2.618006	0.301179
465.867676	2.615571	0.296299
467.458832	2.613125	0.291502
469.049988	2.610666	0.286784
470.641174	2.608198	0.282146
472.23233	2.605721	0.277586
473.823486	2.603236	0.273102
475.414642	2.600745	0.268694
477.005768	2.598248	0.26436
478.596924	2.595746	0.260099
480.18808	2.593241	0.25591
481.779205	2.590733	0.251793
483.3703	2.588224	0.247744
484.961487	2.585713	0.243765
486.552582	2.583203	0.239852
488.143707	2.580692	0.236006
489.734802	2.578184	0.232225
491.325867	2.575677	0.228508
492.916992	2.573173	0.224855
494.508057	2.570672	0.221263
496.099182	2.568175	0.217732
497.690247	2.565683	0.21426
499.281311	2.563196	0.210848
500.872314	2.560715	0.207494
502.463379	2.558239	0.204196
504.054382	2.555771	0.200954
505.645416	2.553309	0.197767
507.23642	2.550855	0.194634
508.827454	2.548409	0.191553
510.418457	2.545971	0.188525
512.009399	2.543542	0.185548
513.600403	2.541121	0.182621
515.191345	2.53871	0.179744
516.782288	2.536309	0.176915
518.37323	2.533918	0.174133
519.964172	2.531537	0.171399
521.555054	2.529166	0.16871
523.145935	2.526807	0.166067
524.736877	2.524458	0.163467
526.327759	2.52212	0.160912
527.918579	2.519794	0.158399
529.509399	2.517479	0.155928
531.10022	2.515177	0.153498
532.69104	2.512886	0.151109
534.28186	2.510607	0.14876
535.872681	2.50834	0.146449
537.463379	2.506086	0.144178
539.054138	2.503844	0.141943
540.644897	2.501615	0.139746
542.235596	2.499399	0.137586
543.826294	2.497195	0.135461
545.416992	2.495004	0.133371
547.00769	2.492827	0.131315
548.598267	2.490662	0.129294
550.188904	2.48851	0.127305
551.779541	2.486372	0.12535
553.370117	2.484247	0.123426
554.960693	2.482135	0.121534
556.55127	2.480036	0.119673
558.141785	2.477951	0.117842
559.7323	2.475878	0.116041
561.322815	2.47382	0.11427
562.913269	2.471774	0.112527
564.503723	2.469742	0.110812
566.094116	2.467724	0.109126
567.68457	2.465719	0.107466
569.274963	2.463727	0.105834
570.865295	2.461748	0.104228
572.455688	2.459783	0.102647
574.045959	2.457831	0.101092
575.636292	2.455892	0.099562
577.226501	2.453967	0.098057
578.816772	2.452055	0.096576
580.406982	2.450156	0.095118
581.997192	2.44827	0.093684
583.587341	2.446397	0.092273
585.177551	2.444538	0.090884
586.767639	2.442691	0.089517
588.357788	2.440858	0.088172
589.947815	2.439037	0.086848
591.537842	2.437229	0.085545
593.127869	2.435434	0.084263
594.717896	2.433652	0.083001
596.307861	2.431883	0.081758
597.897766	2.430126	0.080536
599.487671	2.428382	0.079332
601.077576	2.426651	0.078147
602.667419	2.424932	0.076981
604.257202	2.423225	0.075834
605.847046	2.421531	0.074704
607.436829	2.419849	0.073591
609.02655	2.41818	0.072496
610.616272	2.416522	0.071418
612.205933	2.414877	0.070357
613.795532	2.413244	0.069312
615.385193	2.411622	0.068283
616.974731	2.410012	0.067271
618.564331	2.408415	0.066273
620.15387	2.406829	0.065291
621.743347	2.405254	0.064325
623.332825	2.403692	0.063373
624.922241	2.40214	0.062435
626.511597	2.400601	0.061512
628.100952	2.399072	0.060604
629.690308	2.397555	0.059709
631.279602	2.396049	0.058827
632.868835	2.394554	0.057959
634.458069	2.393071	0.057104
636.047241	2.391598	0.056263
637.636353	2.390136	0.055434
639.225464	2.388685	0.054617
640.814575	2.387245	0.053813
642.403625	2.385815	0.053021
643.992615	2.384396	0.052241
645.581604	2.382988	0.051472
647.170532	2.38159	0.050716
648.759399	2.380202	0.04997
650.348267	2.378825	0.049236
651.937134	2.377458	0.048513
653.525879	2.376101	0.0478
655.114624	2.374754	0.047098
656.703308	2.373417	0.046407
658.291992	2.37209	0.045726
659.880615	2.370773	0.045055
661.469177	2.369466	0.044394
663.057739	2.368168	0.043742
664.64624	2.36688	0.043101
666.234741	2.365601	0.042469
667.82312	2.364332	0.041846
669.411499	2.363072	0.041233
670.999878	2.361822	0.040628
672.588135	2.360581	0.040032
674.176392	2.359349	0.039446
675.764587	2.358126	0.038867
677.352783	2.356912	0.038298
678.940918	2.355707	0.037736
680.528992	2.354511	0.037183
682.117065	2.353324	0.036638
683.705017	2.352145	0.036101
685.292969	2.350976	0.035571
686.88092	2.349815	0.03505
688.46875	2.348662	0.034536
690.056519	2.347518	0.034029
691.644348	2.346382	0.03353
693.232056	2.345254	0.033038
694.819702	2.344135	0.032553
696.407349	2.343024	0.032076
697.994934	2.341921	0.031605
699.582458	2.340827	0.031141
701.169983	2.33974	0.030683
702.757446	2.338661	0.030233
704.344849	2.33759	0.029788
705.932129	2.336526	0.02935
707.519409	2.335471	0.028919
709.106689	2.334423	0.028493
710.693909	2.333383	0.028074
712.281067	2.33235	0.027661
713.868103	2.331325	0.027253
715.4552	2.330307	0.026852
717.042175	2.329297	0.026456
718.629089	2.328294	0.026066
720.216003	2.327298	0.025681
721.802856	2.326309	0.025302
723.389648	2.325327	0.024929
724.976379	2.324353	0.02456
726.56311	2.323385	0.024197
728.149719	2.322425	0.023839
729.736267	2.321471	0.023486
731.322815	2.320524	0.023138
732.909302	2.319584	0.022795
734.495728	2.318651	0.022457
736.082092	2.317724	0.022124
737.668335	2.316804	0.021796
739.254639	2.31589	0.021472
740.84082	2.314983	0.021152
742.426941	2.314083	0.020838
744.013062	2.313188	0.020527
745.59906	2.3123	0.020221
747.185059	2.311419	0.019919
748.770996	2.310544	0.019622
750.356812	2.309674	0.019329
751.942688	2.308811	0.01904
753.528442	2.307954	0.018755
755.114136	2.307103	0.018474
756.699707	2.306258	0.018197
758.285278	2.305419	0.017923
759.870789	2.304586	0.017654
761.456238	2.303759	0.017388
763.041626	2.302937	0.017127
764.627014	2.302121	0.016868
766.21228	2.301311	0.016614
767.797485	2.300507	0.016363
769.382629	2.299708	0.016115
770.967712	2.298914	0.015871
772.552734	2.298127	0.015631
774.137695	2.297344	0.015394
775.722595	2.296567	0.01516
777.307495	2.295796	0.014929
778.892212	2.295029	0.014702
780.476929	2.294268	0.014478
782.061646	2.293513	0.014256
783.646179	2.292762	0.014038
785.230713	2.292017	0.013823
786.815186	2.291276	0.013612
788.399597	2.290541	0.013403
789.983948	2.289811	0.013196
791.568237	2.289086	0.012993
793.152405	2.288365	0.012793
794.736511	2.28765	0.012595
796.320618	2.286939	0.012401
797.904663	2.286234	0.012208
799.488586	2.285533	0.012019
801.072388	2.284837	0.011832
802.65625	2.284145	0.011648
804.23999	2.283458	0.011467
805.823608	2.282776	0.011288
807.407227	2.282099	0.011111
808.990784	2.281425	0.010937
810.574219	2.280757	0.010765
812.157593	2.280093	0.010596
813.740967	2.279433	0.010429
815.324219	2.278778	0.010265
816.907349	2.278128	0.010102
818.49054	2.277481	0.009942
820.073547	2.276839	0.009785
821.656555	2.276201	0.009629
823.239441	2.275568	0.009476
824.822266	2.274938	0.009324
826.404968	2.274313	0.009175
827.987671	2.273692	0.009028
829.570313	2.273075	0.008883
831.152832	2.272462	0.00874
832.735352	2.271853	0.008599
834.317688	2.271248	0.00846
835.900024	2.270647	0.008323
837.4823	2.27005	0.008188
839.064453	2.269457	0.008055
840.646606	2.268868	0.007924
842.228638	2.268282	0.007794
843.810547	2.267701	0.007667
845.392395	2.267123	0.007541
846.974243	2.266549	0.007417
848.555847	2.265979	0.007294
850.137512	2.265413	0.007174
851.719116	2.26485	0.007055
853.300598	2.26429	0.006938
854.882019	2.263735	0.006822
856.463379	2.263183	0.006708
858.044617	2.262634	0.006596
859.625793	2.262089	0.006485
861.206848	2.261548	0.006376
862.787903	2.26101	0.006268
864.368835	2.260475	0.006162
865.949707	2.259944	0.006058
867.530457	2.259417	0.005954
869.111145	2.258892	0.005853
870.691772	2.258371	0.005753
872.272339	2.257854	0.005654
873.852722	2.257339	0.005557
875.433228	2.256828	0.005461
877.013489	2.25632	0.005366
878.593628	2.255815	0.005273
880.173828	2.255314	0.005181
881.753784	2.254816	0.00509
883.333801	2.25432	0.005001
884.913696	2.253828	0.004913
886.493469	2.253339	0.004826
888.073242	2.252853	0.004741
889.652832	2.252371	0.004657
891.2323	2.251891	0.004574
892.811829	2.251414	0.004492
894.391235	2.25094	0.004411
895.97052	2.250469	0.004332
897.549683	2.250001	0.004253
899.128784	2.249536	0.004176
900.707825	2.249074	0.0041
902.286804	2.248615	0.004025
903.865601	2.248158	0.003952
905.444458	2.247705	0.003879
907.023071	2.247254	0.003807
908.601685	2.246805	0.003737
910.180176	2.24636	0.003667
911.758606	2.245918	0.003598
913.336914	2.245478	0.003531
914.915161	2.245041	0.003464
916.493347	2.244606	0.003399
918.071411	2.244174	0.003334
919.649292	2.243745	0.003271
921.227234	2.243319	0.003208
922.804993	2.242895	0.003146
924.38269	2.242473	0.003086
925.960327	2.242055	0.003026
927.537781	2.241638	0.002967
929.115234	2.241225	0.002909
930.692566	2.240813	0.002852
932.269836	2.240405	0.002795
933.846985	2.239998	0.00274
935.424011	2.239594	0.002685
937.000977	2.239193	0.002631
938.57782	2.238794	0.002578
940.154602	2.238398	0.002526
941.731262	2.238003	0.002475
943.307922	2.237612	0.002424
944.884399	2.237222	0.002375
946.460754	2.236835	0.002326
948.036987	2.23645	0.002277
949.613281	2.236068	0.00223
951.189331	2.235687	0.002183
952.76532	2.235309	0.002137
954.341309	2.234933	0.002092
955.917114	2.23456	0.002047
957.492798	2.234189	0.002004
959.068359	2.233819	0.001961
960.643921	2.233453	0.001918
962.21936	2.233088	0.001876
963.794617	2.232725	0.001835
965.369934	2.232365	0.001795
966.945007	2.232006	0.001755
968.52002	2.23165	0.001716
970.09491	2.231296	0.001677
971.6698	2.230944	0.00164
973.244507	2.230594	0.001602
974.819153	2.230246	0.001566
976.393677	2.2299	0.00153
977.968079	2.229556	0.001494
979.542358	2.229214	0.001459
981.116577	2.228874	0.001425
982.690735	2.228536	0.001392
984.264771	2.2282	0.001358
985.838684	2.227866	0.001326
987.412415	2.227534	0.001294
988.986145	2.227204	0.001263
990.559753	2.226876	0.001232
992.133179	2.226549	0.001201
993.706665	2.226225	0.001172
995.279907	2.225902	0.001142
996.853027	2.225581	0.001113
998.426147	2.225262	0.001085
999.999146	2.224945	0.001057
1012.878723	2.222415	0.000848
1016.250183	2.221772	0.000798
1019.622375	2.221136	0.000751
1022.995239	2.220508	0.000705
1026.368652	2.219887	0.000661
1029.74292	2.219274	0.000619
1033.117676	2.218668	0.000578
1036.493286	2.218069	0.00054
1039.869385	2.217476	0.000503
1043.246338	2.216891	0.000468
1046.623779	2.216312	0.000434
1050.001953	2.215741	0.000402
1053.380859	2.215175	0.000372
1056.760498	2.214617	0.000343
1060.140625	2.214064	0.000315
1063.521484	2.213518	0.000289
1066.903076	2.212979	0.000264
1070.2854	2.212445	0.000241
1073.668213	2.211918	0.000219
1077.051758	2.211397	0.000198
1080.436035	2.210881	0.000178
1083.820923	2.210372	0.00016
1087.206543	2.209869	0.000142
1090.592773	2.209371	0.000126
1093.979736	2.208879	0.000111
1097.36731	2.208392	0.000097
1100.755615	2.207911	0.000084
1104.144531	2.207436	0.000072
1107.53418	2.206966	0.000062
1110.924438	2.206501	0.000052
1114.31543	2.206042	0.000043
1117.707031	2.205587	0.000035
1121.099365	2.205138	0.000028
1124.49231	2.204695	0.000021
1127.885986	2.204256	0.000016
1131.280273	2.203823	0.000011
1134.675293	2.203394	0.000008
1138.070923	2.202971	0.000005
1141.467285	2.202552	0.000002
1144.864258	2.202138	0.000001
1148.261963	2.20173	0
1151.660278	2.201326	0
1155.059326	2.200928	0
1158.458984	2.200535	0
1161.859253	2.200146	0
1165.260376	2.199762	0
1168.661987	2.199382	0
1172.064453	2.199006	0
1175.467529	2.198635	0
1178.871216	2.198267	0
1182.275635	2.197904	0
1185.680664	2.197544	0
1189.086304	2.197189	0
1192.492798	2.196837	0
1195.89978	2.196489	0
1199.307617	2.196144	0
1202.716064	2.195803	0
1206.125122	2.195465	0
1209.534912	2.195131	0
1212.945313	2.194801	0
1216.356445	2.194473	0
1219.768188	2.194149	0
1223.180664	2.193829	0
1226.59375	2.193511	0
1230.007568	2.193197	0
1233.421997	2.192885	0
1236.837158	2.192577	0
1240.25293	2.192272	0
1243.669434	2.191969	0
1247.086548	2.19167	0
1250.504395	2.191373	0
1253.922852	2.19108	0
1257.342041	2.190789	0
1260.761841	2.1905	0
1264.182373	2.190215	0
1267.603516	2.189932	0
1271.025391	2.189652	0
1274.447998	2.189375	0
1277.871094	2.1891	0
1281.294922	2.188827	0
1284.719482	2.188557	0
1288.144775	2.18829	0
1291.570557	2.188025	0
1294.997192	2.187762	0
1298.424316	2.187502	0
1301.852295	2.187244	0
1305.280762	2.186989	0
1308.710083	2.186735	0
1312.139893	2.186484	0
1315.570557	2.186236	0
1319.001709	2.185989	0
1322.433716	2.185745	0
1325.866333	2.185502	0
1329.299561	2.185262	0
1332.733521	2.185024	0
1336.168091	2.184788	0
1339.603271	2.184554	0
1343.039307	2.184322	0
1346.47583	2.184092	0
1349.913208	2.183864	0
1353.351196	2.183638	0
1356.789795	2.183414	0
1360.229126	2.183192	0
1363.669189	2.182971	0
1367.109741	2.182753	0
1370.551025	2.182536	0
1373.993042	2.182321	0
1377.435791	2.182108	0
1380.87915	2.181896	0
1384.322998	2.181687	0
1387.767822	2.181479	0
1391.213135	2.181273	0
1394.65918	2.181068	0
1398.105835	2.180866	0
1401.553223	2.180664	0
1405.001221	2.180465	0
1408.449951	2.180267	0
1411.899292	2.18007	0
1415.349365	2.179876	0
1418.800049	2.179682	0
1422.251465	2.179491	0
1425.703491	2.179301	0
1429.15625	2.179112	0
1432.609619	2.178925	0
1436.063721	2.178739	0
1439.518555	2.178555	0
1442.973877	2.178372	0
1446.430054	2.178191	0
1449.886841	2.178011	0
1453.344238	2.177832	0
1456.802368	2.177655	0
1460.261108	2.177479	0
1463.720581	2.177305	0
1467.180786	2.177132	0
1470.641479	2.17696	0
1474.103027	2.17679	0
1477.565186	2.17662	0
1481.027954	2.176452	0
1484.491455	2.176286	0
1487.955566	2.17612	0
1491.42041	2.175956	0
1494.885986	2.175793	0
1498.352051	2.175632	0
1501.81897	2.175471	0
1505.286377	2.175312	0
1508.754639	2.175154	0
1512.223389	2.174997	0
1515.692993	2.174841	0
1519.163208	2.174686	0
1522.634033	2.174533	0
1526.105591	2.17438	0
1529.577881	2.174229	0
1533.050659	2.174079	0
1536.52417	2.17393	0
1539.998413	2.173782	0
1543.473389	2.173635	0
1546.948975	2.173489	0
1550.425171	2.173344	0
1553.9021	2.1732	0
1557.379639	2.173058	0
1560.85791	2.172916	0
1564.336792	2.172775	0
1567.816528	2.172635	0
1571.296753	2.172497	0
1574.777588	2.172359	0
1578.259277	2.172222	0
1581.741577	2.172086	0
1585.224487	2.171951	0
1588.708252	2.171817	0
1592.192505	2.171684	0
1595.67749	2.171552	0
1599.163086	2.171421	0
1602.649414	2.17129	0
1606.136475	2.171161	0
1609.624023	2.171032	0
1613.112427	2.170905	0
1616.601318	2.170778	0
1620.091064	2.170652	0
1623.581299	2.170527	0
1627.072388	2.170403	0
1630.564087	2.17028	0
1634.056396	2.170157	0
1637.549561	2.170035	0
1641.043213	2.169914	0
1644.537476	2.169794	0
1648.032593	2.169675	0
1651.52832	2.169556	0
1655.024658	2.169439	0
1658.521729	2.169322	0
1662.019531	2.169206	0
1665.517944	2.16909	0
1669.016968	2.168976	0
1672.516846	2.168862	0
1676.017212	2.168749	0
1679.518188	2.168636	0
1683.019897	2.168525	0
1686.522461	2.168414	0