351.316833	1.491874	0
352.907349	1.491664	0
354.497894	1.491456	0
356.088501	1.491248	0
357.679108	1.491042	0
359.269714	1.490838	0
360.860352	1.490635	0
362.450989	1.490433	0
364.041687	1.490233	0
365.632385	1.490034	0
367.223083	1.489837	0
368.813782	1.489641	0
370.404541	1.489446	0
371.9953	1.489253	0
373.58606	1.489061	0
375.176849	1.488871	0
376.767639	1.488682	0
378.358459	1.488494	0
379.94931	1.488308	0
381.540161	1.488123	0
383.131042	1.48794	0
384.721893	1.487758	0
386.312805	1.487577	0
387.903687	1.487398	0
389.494598	1.48722	0
391.08551	1.487043	0
392.676453	1.486868	0
394.267426	1.486695	0
395.858398	1.486522	0
397.449371	1.486351	0
399.040344	1.486181	0
400.631348	1.486013	0
402.222351	1.485846	0
403.813385	1.48568	0
405.404388	1.485516	0
406.995422	1.485353	0
408.586487	1.485191	0
410.177551	1.48503	0
411.768616	1.484871	0
413.35968	1.484713	0
414.950745	1.484556	0
416.54184	1.4844	0
418.132904	1.484246	0
419.72403	1.484093	0
421.315125	1.483941	0
422.90625	1.48379	0
424.497375	1.483641	0
426.088531	1.483493	0
427.679626	1.483346	0
429.270813	1.4832	0
430.861908	1.483055	0
432.453064	1.482911	0
434.04425	1.482769	0
435.635345	1.482628	0
437.226501	1.482487	0
438.817688	1.482348	0
440.408844	1.482211	0
442.000061	1.482074	0
443.591217	1.481938	0
445.182373	1.481803	0
446.773529	1.48167	0
448.364685	1.481537	0
449.955902	1.481406	0
451.547058	1.481276	0
453.138245	1.481146	0
454.729431	1.481018	0
456.320618	1.480891	0
457.911774	1.480765	0
459.502991	1.480639	0
461.094147	1.480515	0
462.685303	1.480392	0
464.276459	1.48027	0
465.867676	1.480148	0
467.458832	1.480028	0
469.049988	1.479909	0
470.641174	1.47979	0
472.23233	1.479673	0
473.823486	1.479556	0
475.414642	1.47944	0
477.005768	1.479326	0
478.596924	1.479212	0
480.18808	1.479099	0
481.779205	1.478987	0
483.3703	1.478876	0
484.961487	1.478765	0
486.552582	1.478656	0
488.143707	1.478548	0
489.734802	1.47844	0
491.325867	1.478333	0
492.916992	1.478227	0
494.508057	1.478122	0
496.099182	1.478017	0
497.690247	1.477914	0
499.281311	1.477811	0
500.872314	1.477709	0
502.463379	1.477608	0
504.054382	1.477508	0
505.645416	1.477408	0
507.23642	1.477309	0
508.827454	1.477211	0
510.418457	1.477114	0
512.009399	1.477017	0
513.600403	1.476922	0
515.191345	1.476826	0
516.782288	1.476732	0
518.37323	1.476638	0
519.964172	1.476546	0
521.555054	1.476453	0
523.145935	1.476362	0
524.736877	1.476271	0
526.327759	1.476181	0
527.918579	1.476091	0
529.509399	1.476003	0
531.10022	1.475915	0
532.69104	1.475827	0
534.28186	1.47574	0
535.872681	1.475654	0
537.463379	1.475569	0
539.054138	1.475484	0
540.644897	1.4754	0
542.235596	1.475316	0
543.826294	1.475233	0
545.416992	1.475151	0
547.00769	1.475069	0
548.598267	1.474988	0
550.188904	1.474908	0
551.779541	1.474828	0
553.370117	1.474748	0
554.960693	1.47467	0
556.55127	1.474592	0
558.141785	1.474514	0
559.7323	1.474437	0
561.322815	1.474361	0
562.913269	1.474285	0
564.503723	1.474209	0
566.094116	1.474135	0
567.68457	1.47406	0
569.274963	1.473987	0
570.865295	1.473913	0
572.455688	1.473841	0
574.045959	1.473769	0
575.636292	1.473697	0
577.226501	1.473626	0
578.816772	1.473555	0
580.406982	1.473485	0
581.997192	1.473416	0
583.587341	1.473347	0
585.177551	1.473278	0
586.767639	1.47321	0
588.357788	1.473143	0
589.947815	1.473076	0
591.537842	1.473009	0
593.127869	1.472943	0
594.717896	1.472877	0
596.307861	1.472812	0
597.897766	1.472747	0
599.487671	1.472683	0
601.077576	1.472619	0
602.667419	1.472555	0
604.257202	1.472492	0
605.847046	1.47243	0
607.436829	1.472368	0
609.02655	1.472306	0
610.616272	1.472245	0
612.205933	1.472184	0
613.795532	1.472124	0
615.385193	1.472064	0
616.974731	1.472004	0
618.564331	1.471945	0
620.15387	1.471886	0
621.743347	1.471828	0
623.332825	1.47177	0
624.922241	1.471712	0
626.511597	1.471655	0
628.100952	1.471598	0
629.690308	1.471542	0
631.279602	1.471486	0
632.868835	1.47143	0
634.458069	1.471375	0
636.047241	1.47132	0
637.636353	1.471266	0
639.225464	1.471211	0
640.814575	1.471158	0
642.403625	1.471104	0
643.992615	1.471051	0
645.581604	1.470998	0
647.170532	1.470946	0
648.759399	1.470894	0
650.348267	1.470842	0
651.937134	1.470791	0
653.525879	1.47074	0
655.114624	1.470689	0
656.703308	1.470639	0
658.291992	1.470589	0
659.880615	1.470539	0
661.469177	1.47049	0
663.057739	1.470441	0
664.64624	1.470392	0
666.234741	1.470344	0
667.82312	1.470296	0
669.411499	1.470248	0
670.999878	1.470201	0
672.588135	1.470154	0
674.176392	1.470107	0
675.764587	1.47006	0
677.352783	1.470014	0
678.940918	1.469968	0
680.528992	1.469922	0
682.117065	1.469877	0
683.705017	1.469832	0
685.292969	1.469787	0
686.88092	1.469743	0
688.46875	1.469698	0
690.056519	1.469654	0
691.644348	1.469611	0
693.232056	1.469567	0
694.819702	1.469524	0
696.407349	1.469481	0
697.994934	1.469439	0
699.582458	1.469397	0
701.169983	1.469355	0
702.757446	1.469313	0
704.344849	1.469271	0
705.932129	1.46923	0
707.519409	1.469189	0
709.106689	1.469148	0
710.693909	1.469108	0
712.281067	1.469068	0
713.868103	1.469028	0
715.4552	1.468988	0
717.042175	1.468948	0
718.629089	1.468909	0
720.216003	1.46887	0
721.802856	1.468831	0
723.389648	1.468793	0
724.976379	1.468754	0
726.56311	1.468716	0
728.149719	1.468678	0
729.736267	1.468641	0
731.322815	1.468603	0
732.909302	1.468566	0
734.495728	1.468529	0
736.082092	1.468493	0
737.668335	1.468456	0
739.254639	1.46842	0
740.84082	1.468384	0
742.426941	1.468348	0
744.013062	1.468312	0
745.59906	1.468277	0
747.185059	1.468242	0
748.770996	1.468207	0
750.356812	1.468172	0
751.942688	1.468137	0
753.528442	1.468103	0
755.114136	1.468069	0
756.699707	1.468035	0
758.285278	1.468001	0
759.870789	1.467968	0
761.456238	1.467934	0
763.041626	1.467901	0
764.627014	1.467868	0
766.21228	1.467835	0
767.797485	1.467803	0
769.382629	1.46777	0
770.967712	1.467738	0
772.552734	1.467706	0
774.137695	1.467674	0
775.722595	1.467642	0
777.307495	1.467611	0
778.892212	1.467579	0
780.476929	1.467548	0
782.061646	1.467517	0
783.646179	1.467487	0
785.230713	1.467456	0
786.815186	1.467425	0
788.399597	1.467395	0
789.983948	1.467365	0
791.568237	1.467335	0
793.152405	1.467305	0
794.736511	1.467276	0
796.320618	1.467246	0
797.904663	1.467217	0
799.488586	1.467188	0
801.072388	1.467159	0
802.65625	1.46713	0
804.23999	1.467102	0
805.823608	1.467073	0
807.407227	1.467045	0
808.990784	1.467017	0
810.574219	1.466989	0
812.157593	1.466961	0
813.740967	1.466933	0
815.324219	1.466906	0
816.907349	1.466879	0
818.49054	1.466851	0
820.073547	1.466824	0
821.656555	1.466797	0
823.239441	1.466771	0
824.822266	1.466744	0
826.404968	1.466718	0
827.987671	1.466691	0
829.570313	1.466665	0
831.152832	1.466639	0
832.735352	1.466613	0
834.317688	1.466587	0
835.900024	1.466562	0
837.4823	1.466536	0
839.064453	1.466511	0
840.646606	1.466486	0
842.228638	1.466461	0
843.810547	1.466436	0
845.392395	1.466411	0
846.974243	1.466386	0
848.555847	1.466362	0
850.137512	1.466337	0
851.719116	1.466313	0
853.300598	1.466289	0
854.882019	1.466265	0
856.463379	1.466241	0
858.044617	1.466217	0
859.625793	1.466193	0
861.206848	1.46617	0
862.787903	1.466146	0
864.368835	1.466123	0
865.949707	1.4661	0
867.530457	1.466077	0
869.111145	1.466054	0
870.691772	1.466031	0
872.272339	1.466009	0
873.852722	1.465986	0
875.433228	1.465964	0
877.013489	1.465941	0
878.593628	1.465919	0
880.173828	1.465897	0
881.753784	1.465875	0
883.333801	1.465853	0
884.913696	1.465831	0
886.493469	1.46581	0
888.073242	1.465788	0
889.652832	1.465767	0
891.2323	1.465746	0
892.811829	1.465724	0
894.391235	1.465703	0
895.97052	1.465682	0
897.549683	1.465661	0
899.128784	1.465641	0
900.707825	1.46562	0
902.286804	1.465599	0
903.865601	1.465579	0
905.444458	1.465559	0
907.023071	1.465538	0
908.601685	1.465518	0
910.180176	1.465498	0
911.758606	1.465478	0
913.336914	1.465458	0
914.915161	1.465438	0
916.493347	1.465419	0
918.071411	1.465399	0
919.649292	1.46538	0
921.227234	1.46536	0
922.804993	1.465341	0
924.38269	1.465322	0
925.960327	1.465303	0
927.537781	1.465284	0
929.115234	1.465265	0
930.692566	1.465246	0
932.269836	1.465227	0
933.846985	1.465209	0
935.424011	1.46519	0
937.000977	1.465172	0
938.57782	1.465154	0
940.154602	1.465135	0
941.731262	1.465117	0
943.307922	1.465099	0
944.884399	1.465081	0
946.460754	1.465063	0
948.036987	1.465045	0
949.613281	1.465028	0
951.189331	1.46501	0
952.76532	1.464992	0
954.341309	1.464975	0
955.917114	1.464958	0
957.492798	1.46494	0
959.068359	1.464923	0
960.643921	1.464906	0
962.21936	1.464889	0
963.794617	1.464872	0
965.369934	1.464855	0
966.945007	1.464838	0
968.52002	1.464821	0
970.09491	1.464805	0
971.6698	1.464788	0
973.244507	1.464772	0
974.819153	1.464755	0
976.393677	1.464739	0
977.968079	1.464723	0
979.542358	1.464706	0
981.116577	1.46469	0
982.690735	1.464674	0
984.264771	1.464658	0
985.838684	1.464642	0
987.412415	1.464627	0
988.986145	1.464611	0
990.559753	1.464595	0
992.133179	1.464579	0
993.706665	1.464564	0
995.279907	1.464548	0
996.853027	1.464533	0
998.426147	1.464518	0
999.999146	1.464503	0