192.41499	2.03012	1.53299
194.002	        2.05343	1.53217
195.58908	2.07479	1.52097
197.17618	2.08483	1.50522
198.76335	2.08795	1.49873
200.35057	2.1007	1.49966
201.93784	2.12408	1.4916
203.52516	2.14625	1.46643
205.11252	2.15216	1.42433
206.69992	2.11926	1.38189
208.2874	2.0564	1.38473
209.87491	2.02425	1.44683
211.46245	2.0554	1.50588
213.05005	2.1086	1.51883
214.6377	2.14035	1.50617
216.22539	2.15443	1.49832
217.81314	2.17103	1.49995
219.40093	2.19475	1.49912
220.98877	2.21888	1.49061
222.57663	2.23845	1.47872
224.16458	2.25507	1.46746
225.75253	2.27219	1.45647
227.34055	2.28969	1.44298
228.92862	2.30486	1.4261
230.51669	2.31564	1.40852
232.10486	2.32331	1.39301
233.69304	2.33088	1.3801
235.28128	2.33969	1.36756
236.86954	2.34891	1.35371
238.45786	2.35684	1.33852
240.04622	2.36303	1.3232
241.6346	2.36806	1.30853
243.22305	2.37293	1.29419
244.81152	2.37751	1.27917
246.40006	2.38077	1.26291
247.9886	2.38115	1.24629
249.57719	2.37865	1.23118
251.16585	2.37439	1.2189
252.75452	2.37026	1.20966
254.34323	2.36729	1.20242
255.93201	2.36573	1.19631
257.52081	2.36566	1.19059
259.10965	2.36684	1.18449
260.69852	2.36862	1.17741
262.28742	2.36989	1.16913
263.87637	2.36944	1.16085
265.46536	2.36774	1.1543
267.05438	2.36636	1.15058
268.64343	2.36818	1.14932
270.23251	2.37453	1.14723
271.82166	2.38415	1.14145
273.41083	2.39429	1.13014
275.00003	2.40088	1.11411
276.58926	2.4025	1.09671
278.17853	2.39972	1.08057
279.76782	2.39432	1.06758
281.35715	2.38896	1.05769
282.94653	2.38468	1.04939
284.53595	2.3815	1.04151
286.12537	2.37893	1.03321
287.71484	2.37603	1.02437
289.30435	2.37244	1.01548
290.89386	2.36816	1.00692
292.48346	2.36336	0.99899
294.07303	2.35838	0.99178
295.66266	2.35345	0.98515
297.25232	2.34863	0.97893
298.84201	2.34394	0.97301
300.43173	2.33933	0.96729
302.02148	2.33475	0.96175
303.61127	2.33017	0.95639
305.20105	2.32559	0.95121
306.79089	2.32101	0.9462
308.38077	2.31643	0.94136
309.97064	2.31186	0.93668
311.56058	2.30731	0.93216
313.15054	2.30278	0.92779
314.74051	2.29829	0.92356
316.33051	2.29387	0.91945
317.92053	2.28952	0.91542
319.51059	2.28524	0.91143
321.10068	2.281	0.90743
322.6908	2.27678	0.90341
324.28091	2.2725	0.89935
325.87106	2.26813	0.89528
327.46124	2.26366	0.89126
329.05145	2.25911	0.88729
330.64169	2.2545	0.88341
332.23196	2.24987	0.87963
333.82223	2.24531	0.87587
335.41254	2.24079	0.87204
337.00287	2.23626	0.86804
338.59323	2.23158	0.86381
340.18359	2.22662	0.85931
341.77399	2.22108	0.85459
343.36441	2.21472	0.84999
344.95486	2.20758	0.84593
346.54532	2.19988	0.84276
348.1358	2.19193	0.84076
349.72629	2.18421	0.84012
351.31683	2.17747	0.8409
352.90735	2.17246	0.84242
354.49789	2.16932	0.84384
356.0885	2.16789	0.84443
357.67911	2.16778	0.84359
359.26971	2.16848	0.84083
360.86035	2.16923	0.83579
362.45099	2.16894	0.82862
364.04169	2.16705	0.82003
365.63239	2.16337	0.81064
367.22308	2.15788	0.80097
368.81378	2.15067	0.79149
370.40454	2.14194	0.78261
371.9953	2.13201	0.77465
373.58606	2.12133	0.76771
375.17685	2.11016	0.76168
376.76764	2.09864	0.75649
378.35846	2.0869	0.75209
379.94931	2.07502	0.74843
381.54016	2.06308	0.74546
383.13104	2.05119	0.74314
384.72189	2.03942	0.7414
386.31281	2.02784	0.74014
387.90369	2.01646	0.73926
389.4946	2.0053	0.73869
391.08551	1.99434	0.73835
392.67645	1.98355	0.73816
394.26743	1.9729	0.73806
395.8584	1.96231	0.73802
397.44937	1.95171	0.73803
399.04034	1.94107	0.73812
400.63135	1.93035	0.73833
402.22235	1.91955	0.73867
403.81338	1.90868	0.73917
405.40439	1.89773	0.73984
406.99542	1.8867	0.74069
408.58649	1.87562	0.74174
410.17755	1.8645	0.74298
411.76862	1.85335	0.74442
413.35968	1.84218	0.74604
414.95074	1.83098	0.74783
416.54184	1.81976	0.74979
418.1329	1.80851	0.75192
419.72403	1.79723	0.75421
421.31513	1.78591	0.75665
422.90625	1.77456	0.75926
424.49737	1.76315	0.76203
426.08853	1.75169	0.76498
427.67963	1.74017	0.76811
429.27081	1.7286	0.77143
430.86191	1.71698	0.77496
432.45306	1.70532	0.77869
434.04425	1.69362	0.78264
435.63534	1.68189	0.7868
437.2265	1.67014	0.79119
438.81769	1.65838	0.79581
440.40884	1.64661	0.80065
442.00006	1.63485	0.80572
443.59122	1.6231	0.81101
445.18237	1.61135	0.81653
446.77353	1.59963	0.82228
448.36469	1.58793	0.82825
449.9559	1.57626	0.83445
451.54706	1.56463	0.84087
453.13824	1.55304	0.84753
454.72943	1.54149	0.8544
456.32062	1.52999	0.86152
457.91177	1.51855	0.86886
459.50299	1.50717	0.87645
461.09415	1.49587	0.88426
462.6853	1.48465	0.89232
464.27646	1.47353	0.90062
465.86768	1.46251	0.90914
467.45883	1.45161	0.91791
469.04999	1.44084	0.9269
470.64117	1.43021	0.93612
472.23233	1.41974	0.94555
473.82349	1.40944	0.95519
475.41464	1.39931	0.96503
477.00577	1.38935	0.97505
478.59692	1.37959	0.98524
480.18808	1.37001	0.9956
481.7792	1.36063	1.0061
483.3703	1.35146	1.01676
484.96149	1.34248	1.02754
486.55258	1.33371	1.03845
488.14371	1.32515	1.04947
489.7348	1.31681	1.06058
491.32587	1.30869	1.07178
492.91699	1.30077	1.08304
494.50806	1.29307	1.09435
496.09918	1.28557	1.1057
497.69025	1.27827	1.11707
499.28131	1.27115	1.12846
500.87231	1.2642	1.13986
502.46338	1.25742	1.15125
504.05438	1.25079	1.16264
505.64542	1.24431	1.17401
507.23642	1.23796	1.18537
508.82745	1.23172	1.19672
510.41846	1.22557	1.20806
512.0094	1.21952	1.21941
513.6004	1.21356	1.23077
515.19134	1.20768	1.24216
516.78229	1.20191	1.25358
518.37323	1.19622	1.26504
519.96417	1.19064	1.27654
521.55505	1.18517	1.28807
523.14594	1.17981	1.29965
524.73688	1.17456	1.31127
526.32776	1.16944	1.32293
527.91858	1.16446	1.33463
529.5094	1.15961	1.34636
531.10022	1.15491	1.35812
532.69104	1.15038	1.36989
534.28186	1.14599	1.38164
535.87268	1.14176	1.39338
537.46338	1.13767	1.40509
539.05414	1.13372	1.41676
540.6449	1.12989	1.42837
542.2356	1.12619	1.43994
543.82629	1.12259	1.45145
545.41699	1.11909	1.46289
547.00769	1.11568	1.47427
548.59827	1.11236	1.48558
550.1889	1.1091	1.49683
551.77954	1.10591	1.50801
553.37012	1.10276	1.51913
554.96069	1.09965	1.53019
556.55127	1.09657	1.5412
558.14179	1.09351	1.55218
559.7323	1.09048	1.56313
561.32281	1.08747	1.57407
562.91327	1.08449	1.58498
564.50372	1.08153	1.59589
566.09412	1.07861	1.60679
567.68457	1.07572	1.61769
569.27496	1.07286	1.62859
570.86529	1.07005	1.63949
572.45569	1.06727	1.65039
574.04596	1.06454	1.6613
575.63629	1.06185	1.67222
577.2265	1.05922	1.68314
578.81677	1.05664	1.69406
580.40698	1.05411	1.70499
581.99719	1.05165	1.71591
583.58734	1.04925	1.72682
585.17755	1.04691	1.73773
586.76764	1.04462	1.74861
588.35779	1.04239	1.75948
589.94781	1.04021	1.77033
591.53784	1.03808	1.78116
593.12787	1.036	1.79196
594.7179	1.03396	1.80274
596.30786	1.03197	1.81349
597.89777	1.03001	1.82422
599.48767	1.02809	1.83493
601.07758	1.0262	1.84561
602.66742	1.02434	1.85626
604.2572	1.02251	1.86689
605.84705	1.0207	1.8775
607.43683	1.01892	1.88809
609.02655	1.01715	1.89865
610.61627	1.0154	1.9092
612.20593	1.01366	1.91974
613.79553	1.01194	1.93027
615.38519	1.01023	1.94078
616.97473	1.00854	1.9513
618.56433	1.00686	1.9618
620.15387	1.0052	1.97231
621.74335	1.00355	1.98281
623.33282	1.00191	1.99331
624.92224	1.00029	2.00381
626.5116	0.99869	2.01432
628.10095	0.9971	2.02483
629.69031	0.99552	2.03534
631.2796	0.99396	2.04586
632.86883	0.99242	2.05639
634.45807	0.99089	2.06692
636.04724	0.98938	2.07746
637.63635	0.98789	2.08801
639.22546	0.98641	2.09857
640.81457	0.98495	2.10914
642.40363	0.98351	2.11972
643.99262	0.98208	2.13032
645.5816	0.98067	2.14093
647.17053	0.97928	2.15155
648.7594	0.97791	2.16219
650.34827	0.97656	2.17285
651.93713	0.97523	2.18352
653.52588	0.97392	2.19421
655.11462	0.97263	2.20492
656.70331	0.97137	2.21565
658.29199	0.97013	2.2264
659.88062	0.96891	2.23717
661.46918	0.96771	2.24796
663.05774	0.96654	2.25877
664.64624	0.96539	2.2696
666.23474	0.96426	2.28045
667.82312	0.96316	2.29133
669.4115	0.96209	2.30223
670.99988	0.96103	2.31315
672.58813	0.96001	2.3241
674.17639	0.959	2.33508
675.76459	0.95802	2.34609
677.35278	0.95706	2.35713
678.94092	0.95613	2.36822
680.52899	0.95523	2.37934
682.11707	0.95437	2.39051
683.70502	0.95354	2.40173
685.29297	0.95276	2.41299
686.88092	0.95203	2.42429
688.46875	0.95134	2.43564
690.05652	0.95071	2.44703
691.64435	0.95014	2.45847
693.23206	0.94963	2.46995
694.8197	0.94919	2.48147
696.40735	0.94882	2.49303
697.99493	0.94852	2.50462
699.58246	0.94829	2.51625
701.16998	0.94814	2.52792
702.75745	0.94808	2.53961
704.34485	0.9481	2.55133
705.93213	0.94821	2.56307
707.51941	0.9484	2.57483
709.10669	0.9487	2.58661
710.69391	0.94908	2.59841
712.28107	0.94957	2.61021
713.8681	0.95016	2.62201
715.4552	0.95085	2.63382
717.04218	0.95165	2.6456
718.62909	0.95254	2.65737
720.216	        0.95354	2.66911
721.80286	0.95463	2.68083
723.38965	0.95581	2.69251
724.97638	0.95708	2.70415
726.56311	0.95844	2.71575
728.14972	0.95987	2.72731
729.73627	0.96139	2.73882
731.32281	0.96298	2.75029
732.9093	0.96464	2.76171
734.49573	0.96637	2.77308
736.08209	0.96816	2.78439
737.66833	0.97002	2.79566
739.25464	0.97193	2.80687
740.84082	0.9739	2.81803
742.42694	0.97593	2.82913
744.01306	0.978	2.84018
745.59906	0.98013	2.85117
747.18506	0.98229	2.8621
748.771	        0.9845	2.87298
750.35681	0.98675	2.88381
751.94269	0.98904	2.89458
753.52844	0.99136	2.9053
755.11414	0.99371	2.91596
756.69971	0.99609	2.92657
758.28528	0.9985	2.93713
759.87079	1.00093	2.94764
761.45624	1.00338	2.95811
763.04163	1.00586	2.96852
764.62701	1.00836	2.97889
766.21228	1.01088	2.98922
767.79749	1.01342	2.99951
769.38263	1.01598	3.00975
770.96771	1.01856	3.01995
772.55273	1.02115	3.03011
774.1377	1.02377	3.04023
775.72259	1.0264	3.05032
777.3075	1.02905	3.06036
778.89221	1.03171	3.07037
780.47693	1.03439	3.08034
782.06165	1.03708	3.09027
783.64618	1.03979	3.10017
785.23071	1.04251	3.11003
786.81519	1.04525	3.11986
788.3996	1.048	3.12965
789.98395	1.05076	3.13941
791.56824	1.05354	3.14914
793.15241	1.05632	3.15883
794.73651	1.05912	3.16849
796.32062	1.06193	3.17812
797.90466	1.06475	3.18772
799.48859	1.06758	3.19729
801.07239	1.07042	3.20682
802.65625	1.07326	3.21633
804.23999	1.07612	3.22581
805.82361	1.07899	3.23526
807.40723	1.08186	3.24468
808.99078	1.08474	3.25407
810.57422	1.08763	3.26344
812.15759	1.09053	3.27278
813.74097	1.09344	3.2821
815.32422	1.09635	3.29139
816.90735	1.09927	3.30065
818.49054	1.1022	3.3099
820.07355	1.10514	3.31912
821.65656	1.10808	3.32831
823.23944	1.11104	3.33749
824.82227	1.114	3.34664
826.40497	1.11697	3.35576
827.98767	1.11995	3.36487
829.57031	1.12293	3.37396
831.15283	1.12593	3.38302
832.73535	1.12893	3.39206
834.31769	1.13194	3.40108
835.90002	1.13496	3.41008
837.4823	1.13799	3.41906
839.06445	1.14103	3.42802
840.64661	1.14407	3.43696
842.22864	1.14713	3.44587
843.81055	1.15019	3.45477
845.39239	1.15326	3.46365
846.97424	1.15634	3.4725
848.55585	1.15943	3.48134
850.13751	1.16253	3.49016
851.71912	1.16563	3.49895
853.3006	1.16875	3.50773
854.88202	1.17187	3.51649
856.46338	1.17501	3.52522
858.04462	1.17815	3.53394
859.62579	1.1813	3.54264
861.20685	1.18446	3.55131
862.7879	1.18763	3.55997
864.36883	1.19081	3.56861
865.94971	1.19399	3.57723
867.53046	1.19719	3.58582
869.11114	1.20039	3.5944
870.69177	1.20361	3.60295
872.27234	1.20683	3.61148
873.85272	1.21005	3.62
875.43323	1.21329	3.62849
877.01349	1.21653	3.63696
878.59363	1.21978	3.6454
880.17383	1.22303	3.65383
881.75378	1.22629	3.66224
883.3338	1.22956	3.67062
884.9137	1.23283	3.67899
886.49347	1.23611	3.68733
888.07324	1.23939	3.69566
889.65283	1.24268	3.70396
891.2323	1.24597	3.71224
892.81183	1.24927	3.7205
894.39124	1.25257	3.72874
895.97052	1.25587	3.73697
897.54968	1.25918	3.74517
899.12878	1.26249	3.75335
900.70782	1.26581	3.76151
902.2868	1.26912	3.76965
903.8656	1.27244	3.77778
905.44446	1.27576	3.78588
907.02307	1.27908	3.79396
908.60168	1.28241	3.80203
910.18018	1.28573	3.81008
911.75861	1.28906	3.81811
913.33691	1.29239	3.82612
914.91516	1.29572	3.83411
916.49335	1.29905	3.84209
918.07141	1.30238	3.85004
919.64929	1.30571	3.85799
921.22723	1.30903	3.86591
922.80499	1.31236	3.87382
924.38269	1.31569	3.88171
925.96033	1.31902	3.88958
927.53778	1.32235	3.89744
929.11523	1.32567	3.90528
930.69257	1.32899	3.91311
932.26984	1.33231	3.92093
933.84699	1.33563	3.92873
935.42401	1.33895	3.93652
937.00098	1.34227	3.94429
938.57782	1.34559	3.95205
940.1546	1.3489	3.9598
941.73126	1.35221	3.96754
943.30792	1.35553	3.97527
944.8844	1.35884	3.98298
946.46075	1.36215	3.99069
948.03699	1.36546	3.99838
949.61328	1.36877	4.00606
951.18933	1.37208	4.01373
952.76532	1.37539	4.02139
954.34131	1.3787	4.02904
955.91711	1.38201	4.03668
957.4928	1.38532	4.04431
959.06836	1.38863	4.05192
960.64392	1.39193	4.05953
962.21936	1.39524	4.06713
963.79462	1.39855	4.07472
965.36993	1.40186	4.0823
966.94501	1.40517	4.08987
968.52002	1.40848	4.09744
970.09491	1.41179	4.10499
971.6698	1.4151	4.11253
973.24451	1.41841	4.12007
974.81915	1.42172	4.1276
976.39368	1.42503	4.13511
977.96808	1.42835	4.14262
979.54236	1.43166	4.15012
981.11658	1.43497	4.15762
982.69074	1.43829	4.1651
984.26477	1.4416	4.17258
985.83868	1.44492	4.18005
987.41242	1.44823	4.18751
988.98614	1.45155	4.19496
990.55975	1.45487	4.20241
992.13318	1.45819	4.20985
993.70667	1.46151	4.21728
995.27991	1.46483	4.2247
996.85303	1.46815	4.23212
998.42615	1.47147	4.23953
999.99915	1.47479	4.24694
1012.87872	1.50203	4.30739
1016.25018	1.50918	4.32317
1019.62238	1.51635	4.33894
1022.99524	1.52354	4.35471
1026.36865	1.53075	4.37046
1029.74292	1.53798	4.38621
1033.11768	1.54525	4.40195
1036.49329	1.55254	4.41767
1039.86939	1.55987	4.43339
1043.24634	1.56723	4.4491
1046.62378	1.57463	4.4648
1050.00195	1.58207	4.48048
1053.38086	1.58955	4.49615
1056.7605	1.59708	4.5118
1060.14063	1.60466	4.52744
1063.52148	1.61228	4.54306
1066.90308	1.61995	4.55865
1070.2854	1.62768	4.57423
1073.66821	1.63546	4.58978
1077.05176	1.6433	4.6053
1080.43603	1.65119	4.62079
1083.82092	1.65915	4.63625
1087.20654	1.66716	4.65168
1090.59277	1.67524	4.66706
1093.97974	1.68339	4.68239
1097.36731	1.6916	4.69768
1100.75562	1.69987	4.7129
1104.14453	1.7082	4.72806
1107.53418	1.71658	4.74315
1110.92444	1.72501	4.75817
1114.31543	1.73349	4.77311
1117.70703	1.74201	4.78798
1121.09937	1.75056	4.80278
1124.49231	1.75915	4.81749
1127.88599	1.76776	4.83213
1131.28027	1.77641	4.84669
1134.67529	1.78507	4.86118
1138.07092	1.79375	4.87558
1141.46728	1.80245	4.88991
1144.86426	1.81115	4.90415
1148.26196	1.81987	4.91833
1151.66028	1.82859	4.93242
1155.05933	1.8373	4.94644
1158.45898	1.84602	4.96039
1161.85925	1.85473	4.97427
1165.26038	1.86343	4.98807
1168.66199	1.87212	5.00181
1172.06445	1.8808	5.01548
1175.46753	1.88945	5.02909
1178.87122	1.89809	5.04264
1182.27564	1.9067	5.05612
1185.68066	1.91528	5.06955
1189.0863	1.92384	5.08293
1192.4928	1.93236	5.09626
1195.89978	1.94084	5.10955
1199.30762	1.94928	5.1228
1202.71606	1.95768	5.13602
1206.12512	1.96604	5.14922
1209.53491	1.97437	5.16241
1212.94531	1.98266	5.17559
1216.35644	1.99092	5.18876
1219.76819	1.99916	5.20193
1223.18066	2.00738	5.21511
1226.59375	2.01559	5.22828
1230.00757	2.02378	5.24146
1233.422	2.03196	5.25465
1236.83716	2.04013	5.26784
1240.25293	2.0483	5.28105
1243.66943	2.05647	5.29426
1247.08655	2.06465	5.30748
1250.50439	2.07283	5.32072
1253.92285	2.08102	5.33396
1257.34204	2.08923	5.34721
1260.76184	2.09745	5.36047
1264.18237	2.10569	5.37374
1267.60352	2.11396	5.38702
1271.02539	2.12225	5.40031
1274.448	2.13056	5.41361
1277.87109	2.13891	5.42691
1281.29492	2.14728	5.44021
1284.71948	2.1557	5.45352
1288.14478	2.16415	5.46683
1291.57056	2.17264	5.48014
1294.99719	2.18117	5.49345
1298.42432	2.18974	5.50675
1301.85229	2.19837	5.52005
1305.28076	2.20704	5.53335
1308.71008	2.21576	5.54663
1312.13989	2.22454	5.5599
1315.57056	2.23337	5.57316
1319.00171	2.24226	5.5864
1322.43372	2.25121	5.59961
1325.86633	2.26022	5.6128
1329.29956	2.2693	5.62596
1332.73352	2.27844	5.63908
1336.16809	2.28764	5.65215
1339.60327	2.2969	5.66516
1343.03931	2.30621	5.67812
1346.47583	2.31558	5.69103
1349.91321	2.32499	5.70387
1353.3512	2.33444	5.71665
1356.78979	2.34394	5.72937
1360.22913	2.35347	5.74201
1363.66919	2.36304	5.7546
1367.10974	2.37263	5.76711
1370.55103	2.38226	5.77955
1373.99304	2.3919	5.79192
1377.43579	2.40157	5.80422
1380.87915	2.41126	5.81645
1384.323	2.42095	5.8286
1387.76782	2.43066	5.84069
1391.21314	2.44038	5.8527
1394.65918	2.45011	5.86465
1398.10584	2.45983	5.87652
1401.55322	2.46956	5.88833
1405.00122	2.47928	5.90006
1408.44995	2.48899	5.91173
1411.89929	2.4987	5.92333
1415.34937	2.50839	5.93486
1418.80005	2.51807	5.94633
1422.25147	2.52773	5.95774
1425.70349	2.53738	5.96908
1429.15625	2.547	5.98036
1432.60962	2.55659	5.99159
1436.06372	2.56616	6.00276
1439.51856	2.5757	6.01387
1442.97388	2.5852	6.02493
1446.43005	2.59467	6.03594
1449.88684	2.60411	6.0469
1453.34424	2.6135	6.05781
1456.80237	2.62285	6.06868
1460.26111	2.63216	6.07951
1463.72058	2.64141	6.0903
1467.18079	2.65062	6.10106
1470.64148	2.65977	6.11178
1474.10303	2.66887	6.12248
1477.56519	2.67791	6.13316
1481.02795	2.68688	6.14382
1484.49146	2.69579	6.15447
1487.95557	2.70462	6.16512
1491.42041	2.71339	6.17578
1494.88599	2.72209	6.18646
1498.35205	2.73074	6.19717
1501.81897	2.73933	6.20791
1505.28638	2.74787	6.21869
1508.75464	2.75637	6.22952
1512.22339	2.76483	6.24039
1515.69299	2.77326	6.25131
1519.16321	2.78167	6.26229
1522.63403	2.79005	6.27332
1526.10559	2.79841	6.28441
1529.57788	2.80676	6.29555
1533.05066	2.81511	6.30676
1536.52417	2.82345	6.31803
1539.99841	2.8318	6.32936
1543.47339	2.84016	6.34076
1546.94898	2.84853	6.35221
1550.42517	2.85692	6.36373
1553.9021	2.86533	6.37532
1557.37964	2.87377	6.38696
1560.85791	2.88224	6.39867
1564.33679	2.89075	6.41044
1567.81653	2.8993	6.42226
1571.29675	2.90789	6.43415
1574.77759	2.91653	6.4461
1578.25928	2.92522	6.4581
1581.74158	2.93397	6.47016
1585.22449	2.94278	6.48227
1588.70825	2.95166	6.49444
1592.19251	2.9606	6.50665
1595.67749	2.96961	6.51892
1599.16309	2.9787	6.53123
1602.64941	2.98787	6.54358
1606.13648	2.99712	6.55598
1609.62402	3.00645	6.56842
1613.11243	3.01587	6.5809
1616.60132	3.02539	6.59341
1620.09106	3.03499	6.60595
1623.5813	3.0447	6.61853
1627.07239	3.0545	6.63113
1630.56409	3.06441	6.64376
1634.0564	3.07443	6.65641
1637.54956	3.08455	6.66908
1641.04321	3.09479	6.68176
1644.53748	3.10514	6.69446
1648.03259	3.1156	6.70716
1651.52832	3.12619	6.71988
1655.02466	3.1369	6.73259
1658.52173	3.14773	6.74531
1662.01953	3.1587	6.75802
1665.51794	3.16979	6.77072
1669.01697	3.18102	6.7834
1672.51685	3.19238	6.79607
1676.01721	3.20389	6.80872
1679.51819	3.21553	6.82134
1683.0199	3.22732	6.83392