381.540161	2.342	0.117304
383.131042	2.328102	0.103409
384.721893	2.314167	0.091033
386.312805	2.30034	0.080063
387.903687	2.286726	0.070393
389.494598	2.273413	0.06192
391.08551	2.260469	0.054545
392.676453	2.247952	0.048174
394.267426	2.235908	0.042714
395.858398	2.224374	0.038074
397.449371	2.213378	0.034165
399.040344	2.20294	0.030901
400.631348	2.193069	0.028197
402.222351	2.183772	0.02597
403.813385	2.175041	0.024139
405.404388	2.166863	0.022626
406.995422	2.159212	0.021354
408.586487	2.152044	0.020248
410.177551	2.145291	0.019268
411.768616	2.138907	0.0184
413.35968	2.132861	0.017635
414.950745	2.127127	0.016963
416.54184	2.121686	0.016374
418.132904	2.116519	0.015857
419.72403	2.111611	0.015405
421.315125	2.106948	0.015006
422.90625	2.102517	0.014654
424.497375	2.098306	0.014339
426.088531	2.094302	0.014052
427.679626	2.090496	0.013786
429.270813	2.086876	0.013534
430.861908	2.083431	0.013286
432.453064	2.08015	0.013037
434.04425	2.077023	0.01278
435.635345	2.074039	0.012507
437.226501	2.071184	0.012212
438.817688	2.068446	0.01189
440.408844	2.065807	0.011539
442.000061	2.063254	0.011162
443.591217	2.060778	0.010764
445.182373	2.05837	0.010348
446.773529	2.056025	0.009916
448.364685	2.053735	0.009472
449.955902	2.051495	0.009019
451.547058	2.049302	0.008559
453.138245	2.047151	0.008096
454.729431	2.045039	0.007632
456.320618	2.042963	0.007169
457.911774	2.040921	0.00671
459.502991	2.038909	0.006258
461.094147	2.036928	0.005814
462.685303	2.034974	0.005381
464.276459	2.033047	0.004961
465.867676	2.031147	0.004556
467.458832	2.029272	0.004168
469.049988	2.027423	0.003798
470.641174	2.025599	0.003448
472.23233	2.023802	0.003121
473.823486	2.022033	0.002817
475.414642	2.020295	0.002537
477.005768	2.018588	0.00228
478.596924	2.016914	0.002043
480.18808	2.015274	0.001827
481.779205	2.013666	0.00163
483.3703	2.012092	0.00145
484.961487	2.01055	0.001287
486.552582	2.009042	0.00114
488.143707	2.007566	0.001007
489.734802	2.006123	0.000888
491.325867	2.004712	0.000782
492.916992	2.003331	0.000687
494.508057	2.001982	0.000603
496.099182	2.000663	0.000529
497.690247	1.999374	0.000464
499.281311	1.998115	0.000407
500.872314	1.996884	0.000358
502.463379	1.995681	0.000315
504.054382	1.994505	0.000279
505.645416	1.993356	0.000247
507.23642	1.992234	0.00022
508.827454	1.991136	0.000196
510.418457	1.990064	0.000176
512.009399	1.989015	0.000159
513.600403	1.987988	0.000143
515.191345	1.986984	0.000128
516.782288	1.986001	0.000115
518.37323	1.985037	0.000102
519.964172	1.984093	0.000091
521.555054	1.983167	0.000081
523.145935	1.982259	0.000071
524.736877	1.981368	0.000062
526.327759	1.980493	0.000054
527.918579	1.979635	0.000047
529.509399	1.978793	0.000041
531.10022	1.977966	0.000035
532.69104	1.977154	0.00003
534.28186	1.976356	0.000025
535.872681	1.975572	0.000021
537.463379	1.974801	0.000017
539.054138	1.974044	0.000014
540.644897	1.9733	0.000011
542.235596	1.972568	0.000009
543.826294	1.971848	0.000007
545.416992	1.971141	0.000005
547.00769	1.970444	0.000004
548.598267	1.969759	0.000003
550.188904	1.969085	0.000002
551.779541	1.968422	0.000001
553.370117	1.96777	0.000001
554.960693	1.967127	0
556.55127	1.966494	0
558.141785	1.965871	0
559.7323	1.965257	0
561.322815	1.964653	0
562.913269	1.964058	0
564.503723	1.963471	0
566.094116	1.962893	0
567.68457	1.962322	0
569.274963	1.961761	0
570.865295	1.961207	0
572.455688	1.96066	0
574.045959	1.960121	0
575.636292	1.95959	0
577.226501	1.959066	0
578.816772	1.958548	0
580.406982	1.958038	0
581.997192	1.957534	0
583.587341	1.957037	0
585.177551	1.956546	0
586.767639	1.956062	0
588.357788	1.955583	0
589.947815	1.955111	0
591.537842	1.954645	0
593.127869	1.954184	0
594.717896	1.953729	0
596.307861	1.953279	0
597.897766	1.952835	0
599.487671	1.952396	0
601.077576	1.951963	0
602.667419	1.951534	0
604.257202	1.95111	0
605.847046	1.950692	0
607.436829	1.950278	0
609.02655	1.949869	0
610.616272	1.949464	0
612.205933	1.949064	0
613.795532	1.948668	0
615.385193	1.948277	0
616.974731	1.94789	0
618.564331	1.947507	0
620.15387	1.947128	0
621.743347	1.946754	0
623.332825	1.946383	0
624.922241	1.946016	0
626.511597	1.945653	0
628.100952	1.945293	0
629.690308	1.944938	0
631.279602	1.944586	0
632.868835	1.944237	0
634.458069	1.943892	0
636.047241	1.94355	0
637.636353	1.943212	0
639.225464	1.942877	0
640.814575	1.942545	0
642.403625	1.942217	0
643.992615	1.941891	0
645.581604	1.941569	0
647.170532	1.941249	0
648.759399	1.940933	0
650.348267	1.94062	0
651.937134	1.940309	0
653.525879	1.940001	0
655.114624	1.939696	0
656.703308	1.939394	0
658.291992	1.939094	0
659.880615	1.938797	0
661.469177	1.938503	0
663.057739	1.938211	0
664.64624	1.937922	0
666.234741	1.937635	0
667.82312	1.937351	0
669.411499	1.937068	0
670.999878	1.936789	0
672.588135	1.936512	0
674.176392	1.936236	0
675.764587	1.935964	0
677.352783	1.935693	0
678.940918	1.935424	0
680.528992	1.935158	0
682.117065	1.934894	0
683.705017	1.934632	0
685.292969	1.934372	0
686.88092	1.934114	0
688.46875	1.933857	0
690.056519	1.933603	0
691.644348	1.933351	0
693.232056	1.933101	0
694.819702	1.932852	0
696.407349	1.932605	0
697.994934	1.932361	0
699.582458	1.932117	0
701.169983	1.931876	0
702.757446	1.931636	0
704.344849	1.931399	0
705.932129	1.931162	0
707.519409	1.930928	0
709.106689	1.930695	0
710.693909	1.930463	0
712.281067	1.930234	0
713.868103	1.930005	0
715.4552	1.929779	0
717.042175	1.929553	0
718.629089	1.92933	0
720.216003	1.929108	0
721.802856	1.928887	0
723.389648	1.928667	0
724.976379	1.928449	0
726.56311	1.928233	0
728.149719	1.928018	0
729.736267	1.927804	0
731.322815	1.927591	0
732.909302	1.92738	0
734.495728	1.92717	0
736.082092	1.926961	0
737.668335	1.926754	0
739.254639	1.926548	0
740.84082	1.926343	0
742.426941	1.926139	0
744.013062	1.925937	0
745.59906	1.925735	0
747.185059	1.925535	0
748.770996	1.925336	0
750.356812	1.925138	0
751.942688	1.924941	0
753.528442	1.924745	0
755.114136	1.924551	0
756.699707	1.924357	0
758.285278	1.924165	0
759.870789	1.923973	0
761.456238	1.923782	0
763.041626	1.923593	0
764.627014	1.923405	0
766.21228	1.923217	0
767.797485	1.92303	0
769.382629	1.922845	0
770.967712	1.92266	0
772.552734	1.922477	0
774.137695	1.922294	0
775.722595	1.922112	0
777.307495	1.921931	0
778.892212	1.921751	0
780.476929	1.921571	0
782.061646	1.921393	0
783.646179	1.921216	0
785.230713	1.921039	0
786.815186	1.920863	0
788.399597	1.920688	0
789.983948	1.920514	0
791.568237	1.92034	0
793.152405	1.920168	0
794.736511	1.919996	0
796.320618	1.919825	0
797.904663	1.919654	0
799.488586	1.919485	0
801.072388	1.919316	0
802.65625	1.919148	0
804.23999	1.91898	0
805.823608	1.918814	0
807.407227	1.918648	0
808.990784	1.918482	0
810.574219	1.918318	0
812.157593	1.918154	0
813.740967	1.917991	0
815.324219	1.917828	0
816.907349	1.917666	0
818.49054	1.917505	0
820.073547	1.917344	0
821.656555	1.917184	0
823.239441	1.917024	0
824.822266	1.916865	0
826.404968	1.916707	0
827.987671	1.91655	0
829.570313	1.916392	0
831.152832	1.916236	0
832.735352	1.91608	0
834.317688	1.915925	0
835.900024	1.91577	0
837.4823	1.915616	0
839.064453	1.915462	0
840.646606	1.915309	0
842.228638	1.915156	0
843.810547	1.915004	0
845.392395	1.914852	0
846.974243	1.914701	0
848.555847	1.914551	0
850.137512	1.914401	0
851.719116	1.914251	0
853.300598	1.914102	0
854.882019	1.913954	0
856.463379	1.913805	0
858.044617	1.913658	0
859.625793	1.913511	0
861.206848	1.913364	0
862.787903	1.913218	0
864.368835	1.913072	0
865.949707	1.912926	0
867.530457	1.912781	0
869.111145	1.912637	0
870.691772	1.912493	0
872.272339	1.912349	0
873.852722	1.912206	0
875.433228	1.912063	0
877.013489	1.911921	0
878.593628	1.911779	0
880.173828	1.911637	0
881.753784	1.911496	0
883.333801	1.911355	0
884.913696	1.911214	0
886.493469	1.911074	0
888.073242	1.910935	0
889.652832	1.910795	0
891.2323	1.910656	0
892.811829	1.910518	0
894.391235	1.910379	0
895.97052	1.910241	0
897.549683	1.910104	0
899.128784	1.909966	0
900.707825	1.909829	0
902.286804	1.909693	0
903.865601	1.909557	0
905.444458	1.909421	0
907.023071	1.909285	0
908.601685	1.90915	0
910.180176	1.909015	0
911.758606	1.90888	0
913.336914	1.908746	0
914.915161	1.908612	0
916.493347	1.908478	0
918.071411	1.908345	0
919.649292	1.908211	0
921.227234	1.908079	0
922.804993	1.907946	0
924.38269	1.907814	0
925.960327	1.907682	0
927.537781	1.90755	0
929.115234	1.907418	0
930.692566	1.907287	0
932.269836	1.907156	0
933.846985	1.907026	0
935.424011	1.906895	0
937.000977	1.906765	0
938.57782	1.906635	0
940.154602	1.906505	0
941.731262	1.906376	0
943.307922	1.906247	0
944.884399	1.906118	0
946.460754	1.905989	0
948.036987	1.90586	0
949.613281	1.905732	0
951.189331	1.905604	0
952.76532	1.905476	0
954.341309	1.905349	0
955.917114	1.905221	0
957.492798	1.905094	0
959.068359	1.904967	0
960.643921	1.90484	0
962.21936	1.904714	0
963.794617	1.904588	0
965.369934	1.904462	0
966.945007	1.904336	0
968.52002	1.90421	0
970.09491	1.904084	0
971.6698	1.903959	0
973.244507	1.903834	0
974.819153	1.903709	0
976.393677	1.903584	0
977.968079	1.90346	0
979.542358	1.903335	0
981.116577	1.903211	0
982.690735	1.903087	0
984.264771	1.902963	0
985.838684	1.902839	0
987.412415	1.902716	0
988.986145	1.902592	0
990.559753	1.902469	0
992.133179	1.902346	0
993.706665	1.902223	0
995.279907	1.9021	0
996.853027	1.901978	0
998.426147	1.901855	0
999.999146	1.901733	0
1012.878723	1.900737	0
1016.250183	1.900478	0
1019.622375	1.900219	0
1022.995239	1.899961	0
1026.368652	1.899703	0
1029.74292	1.899445	0
1033.117676	1.899188	0
1036.493286	1.898932	0
1039.869385	1.898675	0
1043.246338	1.89842	0
1046.623779	1.898164	0
1050.001953	1.897909	0
1053.380859	1.897655	0
1056.760498	1.8974	0
1060.140625	1.897146	0
1063.521484	1.896892	0
1066.903076	1.896639	0
1070.2854	1.896386	0
1073.668213	1.896133	0
1077.051758	1.89588	0
1080.436035	1.895627	0
1083.820923	1.895375	0
1087.206543	1.895123	0
1090.592773	1.894871	0
1093.979736	1.894619	0
1097.36731	1.894368	0
1100.755615	1.894117	0
1104.144531	1.893865	0
1107.53418	1.893614	0
1110.924438	1.893363	0
1114.31543	1.893113	0
1117.707031	1.892862	0
1121.099365	1.892611	0
1124.49231	1.892361	0
1127.885986	1.89211	0
1131.280273	1.89186	0
1134.675293	1.891609	0
1138.070923	1.891359	0
1141.467285	1.891109	0
1144.864258	1.890859	0
1148.261963	1.890608	0
1151.660278	1.890358	0
1155.059326	1.890108	0
1158.458984	1.889858	0
1161.859253	1.889607	0
1165.260376	1.889357	0
1168.661987	1.889107	0
1172.064453	1.888857	0
1175.467529	1.888606	0
1178.871216	1.888356	0
1182.275635	1.888105	0
1185.680664	1.887854	0
1189.086304	1.887604	0
1192.492798	1.887353	0
1195.89978	1.887102	0
1199.307617	1.886851	0
1202.716064	1.8866	0
1206.125122	1.886349	0
1209.534912	1.886098	0
1212.945313	1.885846	0
1216.356445	1.885594	0
1219.768188	1.885343	0
1223.180664	1.885091	0
1226.59375	1.884839	0
1230.007568	1.884587	0
1233.421997	1.884334	0
1236.837158	1.884082	0
1240.25293	1.883829	0
1243.669434	1.883576	0
1247.086548	1.883323	0
1250.504395	1.883069	0
1253.922852	1.882816	0
1257.342041	1.882562	0
1260.761841	1.882308	0
1264.182373	1.882054	0
1267.603516	1.8818	0
1271.025391	1.881545	0
1274.447998	1.88129	0
1277.871094	1.881035	0
1281.294922	1.88078	0
1284.719482	1.880524	0
1288.144775	1.880268	0
1291.570557	1.880012	0
1294.997192	1.879755	0
1298.424316	1.879499	0
1301.852295	1.879242	0
1305.280762	1.878985	0
1308.710083	1.878727	0
1312.139893	1.878469	0
1315.570557	1.878211	0
1319.001709	1.877953	0
1322.433716	1.877694	0
1325.866333	1.877435	0
1329.299561	1.877176	0
1332.733521	1.876916	0
1336.168091	1.876656	0
1339.603271	1.876396	0
1343.039307	1.876135	0
1346.47583	1.875874	0
1349.913208	1.875613	0
1353.351196	1.875351	0
1356.789795	1.875089	0
1360.229126	1.874827	0
1363.669189	1.874564	0
1367.109741	1.874301	0
1370.551025	1.874038	0
1373.993042	1.873774	0
1377.435791	1.87351	0
1380.87915	1.873245	0
1384.322998	1.87298	0
1387.767822	1.872715	0
1391.213135	1.872449	0
1394.65918	1.872183	0
1398.105835	1.871917	0
1401.553223	1.87165	0
1405.001221	1.871383	0
1408.449951	1.871115	0
1411.899292	1.870847	0
1415.349365	1.870579	0
1418.800049	1.87031	0
1422.251465	1.870041	0
1425.703491	1.869771	0
1429.15625	1.869501	0
1432.609619	1.86923	0
1436.063721	1.868959	0
1439.518555	1.868688	0
1442.973877	1.868416	0
1446.430054	1.868144	0
1449.886841	1.867871	0
1453.344238	1.867598	0
1456.802368	1.867325	0
1460.261108	1.867051	0
1463.720581	1.866776	0
1467.180786	1.866502	0
1470.641479	1.866226	0
1474.103027	1.86595	0
1477.565186	1.865674	0
1481.027954	1.865397	0
1484.491455	1.86512	0
1487.955566	1.864843	0
1491.42041	1.864565	0
1494.885986	1.864286	0
1498.352051	1.864007	0
1501.81897	1.863727	0
1505.286377	1.863447	0
1508.754639	1.863167	0
1512.223389	1.862886	0
1515.692993	1.862605	0
1519.163208	1.862323	0
1522.634033	1.86204	0
1526.105591	1.861757	0
1529.577881	1.861474	0
1533.050659	1.86119	0
1536.52417	1.860906	0
1539.998413	1.860621	0
1543.473389	1.860335	0
1546.948975	1.860049	0
1550.425171	1.859763	0
1553.9021	1.859476	0
1557.379639	1.859189	0
1560.85791	1.858901	0
1564.336792	1.858612	0
1567.816528	1.858323	0
1571.296753	1.858034	0
1574.777588	1.857744	0
1578.259277	1.857453	0
1581.741577	1.857162	0
1585.224487	1.85687	0
1588.708252	1.856578	0
1592.192505	1.856285	0
1595.67749	1.855992	0
1599.163086	1.855698	0
1602.649414	1.855404	0
1606.136475	1.855109	0
1609.624023	1.854814	0
1613.112427	1.854518	0
1616.601318	1.854221	0
1620.091064	1.853924	0
1623.581299	1.853627	0
1627.072388	1.853328	0
1630.564087	1.85303	0
1634.056396	1.852731	0
1637.549561	1.852431	0
1641.043213	1.85213	0
1644.537476	1.851829	0
1648.032593	1.851528	0
1651.52832	1.851226	0
1655.024658	1.850923	0
1658.521729	1.85062	0
1662.019531	1.850316	0
1665.517944	1.850012	0
1669.016968	1.849707	0
1672.516846	1.849401	0
1676.017212	1.849095	0
1679.518188	1.848788	0
1683.019897	1.848481	0