192.414993	1.866892	1.964267
194.001999	1.93214	1.94108
195.589081	1.984278	1.913879
197.176178	2.025853	1.887465
198.763351	2.060505	1.864706
200.350571	2.092862	1.845529
201.937836	2.124616	1.827046
203.525162	2.155248	1.807468
205.112518	2.183517	1.785873
206.699921	2.207427	1.762485
208.287399	2.225933	1.739423
209.874908	2.23955	1.718484
211.462448	2.249243	1.700924
213.050049	2.256307	1.687599
214.637695	2.262249	1.678623
216.225388	2.268024	1.673644
217.813141	2.274344	1.672389
219.400925	2.281868	1.67459
220.98877	2.291283	1.679921
222.57663	2.30323	1.687801
224.164581	2.318057	1.697582
225.752533	2.335993	1.708697
227.340546	2.357232	1.720629
228.928619	2.382006	1.732854
230.516693	2.410578	1.744589
232.104858	2.442759	1.754903
233.693039	2.478116	1.763108
235.281281	2.516145	1.768707
236.869537	2.556311	1.771339
238.457855	2.598058	1.770777
240.046219	2.640863	1.766965
241.634598	2.684325	1.759906
243.223053	2.728095	1.749608
244.811523	2.771859	1.736091
246.400055	2.81533	1.719376
247.988602	2.85826	1.699478
249.577194	2.900399	1.676327
251.165848	2.941389	1.649848
252.754517	2.980815	1.620011
254.343231	3.018208	1.586825
255.932007	3.053023	1.550333
257.520813	3.084553	1.510643
259.10965	3.111751	1.468216
260.698517	3.133985	1.424312
262.287415	3.151296	1.380054
263.876373	3.163941	1.33636
265.465363	3.172315	1.294008
267.054382	3.176934	1.253672
268.643433	3.178469	1.215931
270.232513	3.177872	1.181156
271.821655	3.176061	1.149089
273.410828	3.173483	1.119359
275.000031	3.170425	1.09168
276.589264	3.167092	1.065812
278.178528	3.163645	1.041547
279.767822	3.160209	1.0187
281.357147	3.156894	0.997103
282.946533	3.153815	0.976583
284.53595	3.151045	0.956922
286.125366	3.148593	0.937915
287.714844	3.146434	0.919378
289.304352	3.144512	0.901145
290.89386	3.142747	0.883071
292.483459	3.141027	0.865024
294.073029	3.139205	0.846891
295.662659	3.137065	0.828586
297.252319	3.134305	0.810179
298.84201	3.130774	0.791895
300.431732	3.126432	0.773934
302.021484	3.121289	0.756471
303.611267	3.115391	0.739663
305.20105	3.108815	0.723652
306.790894	3.101662	0.708566
308.380768	3.094068	0.694521
309.970642	3.086212	0.681616
311.560577	3.078362	0.669897
313.150543	3.07077	0.659226
314.740509	3.063558	0.649433
316.330505	3.056789	0.640364
317.920532	3.050496	0.631882
319.51059	3.044686	0.623861
321.100677	3.039347	0.616182
322.690796	3.034448	0.608738
324.280914	3.029939	0.601431
325.871063	3.025747	0.594171
327.461243	3.021763	0.586883
329.051453	3.017831	0.579569
330.641693	3.013864	0.57231
332.231964	3.009824	0.565175
333.822235	3.005698	0.55823
335.412537	3.001487	0.551531
337.002869	2.997207	0.545131
338.593231	2.992882	0.539077
340.183594	2.988549	0.533412
341.773987	2.984255	0.528175
343.36441	2.98006	0.5234
344.954865	2.976041	0.519116
346.545319	2.972319	0.515333
348.135803	2.969023	0.511978
349.726288	2.966213	0.508941
351.316833	2.963917	0.506123
352.907349	2.962143	0.503435
354.497894	2.960885	0.500792
356.088501	2.960124	0.498115
357.679108	2.959836	0.495333
359.269714	2.959983	0.492378
360.860352	2.960523	0.489189
362.450989	2.961404	0.48571
364.041687	2.962565	0.481889
365.632385	2.963931	0.477681
367.223083	2.965402	0.47305
368.813782	2.966863	0.468022
370.404541	2.968245	0.462651
371.9953	2.969504	0.456985
373.58606	2.97061	0.45107
375.176849	2.971541	0.444945
376.767639	2.972279	0.438649
378.358459	2.972815	0.432218
379.94931	2.973142	0.425683
381.540161	2.973256	0.419077
383.131042	2.973158	0.412428
384.721893	2.972849	0.405763
386.312805	2.972336	0.399107
387.903687	2.971625	0.392484
389.494598	2.970727	0.385916
391.08551	2.969658	0.379423
392.676453	2.968435	0.373015
394.267426	2.967068	0.3667
395.858398	2.965568	0.360485
397.449371	2.963946	0.35438
399.040344	2.96221	0.348389
400.631348	2.960371	0.342521
402.222351	2.958439	0.336781
403.813385	2.956423	0.331177
405.404388	2.954334	0.325712
406.995422	2.952184	0.320394
408.586487	2.949984	0.315226
410.177551	2.947747	0.310214
411.768616	2.945486	0.305362
413.35968	2.943219	0.300674
414.950745	2.940962	0.296154
416.54184	2.938739	0.291803
418.132904	2.936582	0.287618
419.72403	2.934518	0.283574
421.315125	2.932562	0.279647
422.90625	2.93072	0.275813
424.497375	2.928999	0.27205
426.088531	2.927398	0.268336
427.679626	2.925918	0.264652
429.270813	2.924556	0.260979
430.861908	2.923306	0.257299
432.453064	2.922164	0.253595
434.04425	2.92112	0.249851
435.635345	2.920166	0.246051
437.226501	2.91929	0.242181
438.817688	2.918481	0.238227
440.408844	2.917725	0.234175
442.000061	2.917006	0.230015
443.591217	2.916307	0.225733
445.182373	2.915605	0.22132
446.773529	2.914877	0.216764
448.364685	2.914084	0.212062
449.955902	2.91319	0.207229
451.547058	2.912173	0.202289
453.138245	2.911018	0.197264
454.729431	2.909716	0.192173
456.320618	2.908259	0.187036
457.911774	2.906642	0.181871
459.502991	2.904863	0.176695
461.094147	2.902921	0.171525
462.685303	2.900816	0.166376
464.276459	2.898549	0.161264
465.867676	2.896123	0.156203
467.458832	2.893542	0.151207
469.049988	2.89081	0.14629
470.641174	2.887934	0.141463
472.23233	2.884919	0.13674
473.823486	2.881774	0.132131
475.414642	2.878506	0.127649
477.005768	2.875127	0.123304
478.596924	2.871645	0.119106
480.18808	2.868074	0.115066
481.779205	2.864429	0.111193
483.3703	2.860731	0.107497
484.961487	2.857002	0.103974
486.552582	2.853261	0.100617
488.143707	2.84952	0.097418
489.734802	2.845789	0.094368
491.325867	2.842076	0.09146
492.916992	2.838387	0.088687
494.508057	2.834728	0.086041
496.099182	2.831105	0.083516
497.690247	2.827521	0.081106
499.281311	2.82398	0.078803
500.872314	2.820485	0.076602
502.463379	2.817039	0.074496
504.054382	2.813644	0.07248
505.645416	2.810301	0.070548
507.23642	2.807011	0.068695
508.827454	2.803776	0.066915
510.418457	2.800596	0.065204
512.009399	2.797472	0.063556
513.600403	2.794403	0.061966
515.191345	2.791389	0.06043
516.782288	2.78843	0.058943
518.37323	2.785524	0.057501
519.964172	2.782671	0.0561
521.555054	2.779869	0.054735
523.145935	2.777115	0.053403
524.736877	2.774407	0.052099
526.327759	2.771741	0.050822
527.918579	2.769114	0.04957
529.509399	2.766523	0.048343
531.10022	2.763968	0.047141
532.69104	2.761446	0.045962
534.28186	2.758957	0.044807
535.872681	2.756499	0.043674
537.463379	2.754071	0.042564
539.054138	2.751673	0.041475
540.644897	2.749303	0.040406
542.235596	2.74696	0.039359
543.826294	2.744645	0.038331
545.416992	2.742356	0.037323
547.00769	2.740093	0.036333
548.598267	2.737854	0.035362
550.188904	2.73564	0.034409
551.779541	2.73345	0.033473
553.370117	2.731283	0.032554
554.960693	2.729139	0.031652
556.55127	2.727016	0.030765
558.141785	2.724916	0.029895
559.7323	2.722836	0.029039
561.322815	2.720778	0.028198
562.913269	2.718739	0.027372
564.503723	2.71672	0.026559
566.094116	2.71472	0.02576
567.68457	2.712739	0.024975
569.274963	2.710775	0.024202
570.865295	2.708829	0.023441
572.455688	2.7069	0.022693
574.045959	2.704988	0.021956
575.636292	2.70309	0.021231
577.226501	2.701207	0.020518
578.816772	2.699338	0.019816
580.406982	2.697483	0.019127
581.997192	2.695641	0.01845
583.587341	2.693812	0.017784
585.177551	2.691996	0.017131
586.767639	2.690192	0.016491
588.357788	2.688401	0.015863
589.947815	2.686621	0.015247
591.537842	2.684853	0.014644
593.127869	2.683097	0.014054
594.717896	2.681353	0.013477
596.307861	2.67962	0.012912
597.897766	2.677898	0.012361
599.487671	2.676187	0.011822
601.077576	2.674488	0.011296
602.667419	2.672799	0.010783
604.257202	2.671122	0.010284
605.847046	2.669456	0.009797
607.436829	2.667801	0.009324
609.02655	2.666157	0.008864
610.616272	2.664524	0.008417
612.205933	2.662902	0.007983
613.795532	2.661291	0.007562
615.385193	2.659691	0.007155
616.974731	2.658103	0.006761
618.564331	2.656525	0.00638
620.15387	2.65496	0.006013
621.743347	2.653405	0.005659
623.332825	2.651863	0.005318
624.922241	2.650332	0.004991
626.511597	2.648813	0.004677
628.100952	2.647306	0.004376
629.690308	2.645812	0.004088
631.279602	2.64433	0.003814
632.868835	2.642861	0.003553
634.458069	2.641405	0.003305
636.047241	2.639964	0.00307
637.636353	2.638536	0.002848
639.225464	2.637123	0.002637
640.814575	2.635725	0.002438
642.403625	2.634341	0.00225
643.992615	2.632972	0.002073
645.581604	2.631618	0.001906
647.170532	2.630278	0.001749
648.759399	2.628954	0.001602
650.348267	2.627645	0.001463
651.937134	2.62635	0.001334
653.525879	2.625071	0.001213
655.114624	2.623806	0.0011
656.703308	2.622555	0.000994
658.291992	2.62132	0.000896
659.880615	2.620099	0.000805
661.469177	2.618893	0.000721
663.057739	2.617701	0.000643
664.64624	2.616524	0.000572
666.234741	2.61536	0.000506
667.82312	2.614211	0.000446
669.411499	2.613076	0.000391
670.999878	2.611954	0.00034
672.588135	2.610847	0.000295
674.176392	2.609753	0.000254
675.764587	2.608672	0.000217
677.352783	2.607605	0.000184
678.940918	2.606551	0.000155
680.528992	2.60551	0.000129
682.117065	2.604481	0.000106
683.705017	2.603466	0.000086
685.292969	2.602463	0.000069
686.88092	2.601472	0.000054
688.46875	2.600494	0.000042
690.056519	2.599527	0.000032
691.644348	2.598572	0.000023
693.232056	2.597629	0.000017
694.819702	2.596697	0.000011
696.407349	2.595777	0.000007
697.994934	2.594867	0.000004
699.582458	2.593969	0.000002
701.169983	2.593081	0.000001
702.757446	2.592203	0
704.344849	2.591336	0
705.932129	2.590478	0
707.519409	2.58963	0
709.106689	2.588791	0
710.693909	2.587961	0
712.281067	2.58714	0
713.868103	2.586327	0
715.4552	2.585523	0
717.042175	2.584727	0
718.629089	2.583938	0
720.216003	2.583158	0
721.802856	2.582385	0
723.389648	2.58162	0
724.976379	2.580862	0
726.56311	2.580111	0
728.149719	2.579367	0
729.736267	2.57863	0
731.322815	2.577901	0
732.909302	2.577177	0
734.495728	2.576461	0
736.082092	2.57575	0
737.668335	2.575047	0
739.254639	2.574349	0
740.84082	2.573658	0
742.426941	2.572972	0
744.013062	2.572293	0
745.59906	2.57162	0
747.185059	2.570952	0
748.770996	2.57029	0
750.356812	2.569633	0
751.942688	2.568983	0
753.528442	2.568337	0
755.114136	2.567697	0
756.699707	2.567062	0
758.285278	2.566433	0
759.870789	2.565809	0
761.456238	2.565189	0
763.041626	2.564575	0
764.627014	2.563966	0
766.21228	2.563361	0
767.797485	2.562761	0
769.382629	2.562166	0
770.967712	2.561576	0
772.552734	2.56099	0
774.137695	2.560409	0
775.722595	2.559832	0
777.307495	2.55926	0
778.892212	2.558692	0
780.476929	2.558128	0
782.061646	2.557569	0
783.646179	2.557014	0
785.230713	2.556462	0
786.815186	2.555915	0
788.399597	2.555372	0
789.983948	2.554833	0
791.568237	2.554298	0
793.152405	2.553767	0
794.736511	2.55324	0
796.320618	2.552716	0
797.904663	2.552197	0
799.488586	2.551681	0
801.072388	2.551168	0
802.65625	2.550659	0
804.23999	2.550154	0
805.823608	2.549653	0
807.407227	2.549154	0
808.990784	2.54866	0
810.574219	2.548168	0
812.157593	2.54768	0
813.740967	2.547196	0
815.324219	2.546714	0
816.907349	2.546236	0
818.49054	2.545761	0
820.073547	2.54529	0
821.656555	2.544821	0
823.239441	2.544356	0
824.822266	2.543893	0
826.404968	2.543434	0
827.987671	2.542978	0
829.570313	2.542524	0
831.152832	2.542074	0
832.735352	2.541626	0
834.317688	2.541182	0
835.900024	2.54074	0
837.4823	2.540301	0
839.064453	2.539865	0
840.646606	2.539431	0
842.228638	2.539	0
843.810547	2.538572	0
845.392395	2.538147	0
846.974243	2.537724	0
848.555847	2.537304	0
850.137512	2.536886	0
851.719116	2.536471	0
853.300598	2.536059	0
854.882019	2.535649	0
856.463379	2.535241	0
858.044617	2.534836	0
859.625793	2.534434	0
861.206848	2.534034	0
862.787903	2.533636	0
864.368835	2.53324	0
865.949707	2.532847	0
867.530457	2.532456	0
869.111145	2.532068	0
870.691772	2.531681	0
872.272339	2.531297	0
873.852722	2.530915	0
875.433228	2.530535	0
877.013489	2.530158	0
878.593628	2.529783	0
880.173828	2.529409	0
881.753784	2.529038	0
883.333801	2.528669	0
884.913696	2.528302	0
886.493469	2.527937	0
888.073242	2.527575	0
889.652832	2.527214	0
891.2323	2.526855	0
892.811829	2.526498	0
894.391235	2.526143	0
895.97052	2.525789	0
897.549683	2.525439	0
899.128784	2.525089	0
900.707825	2.524742	0
902.286804	2.524396	0
903.865601	2.524053	0
905.444458	2.523711	0
907.023071	2.523371	0
908.601685	2.523032	0
910.180176	2.522696	0
911.758606	2.522361	0
913.336914	2.522028	0
914.915161	2.521697	0
916.493347	2.521367	0
918.071411	2.521039	0
919.649292	2.520713	0
921.227234	2.520389	0
922.804993	2.520066	0
924.38269	2.519744	0
925.960327	2.519425	0
927.537781	2.519107	0
929.115234	2.51879	0
930.692566	2.518475	0
932.269836	2.518162	0
933.846985	2.51785	0
935.424011	2.51754	0
937.000977	2.517231	0
938.57782	2.516924	0
940.154602	2.516618	0
941.731262	2.516314	0
943.307922	2.516011	0
944.884399	2.51571	0
946.460754	2.51541	0
948.036987	2.515111	0
949.613281	2.514814	0
951.189331	2.514518	0
952.76532	2.514224	0
954.341309	2.513931	0
955.917114	2.51364	0
957.492798	2.51335	0
959.068359	2.513061	0
960.643921	2.512773	0
962.21936	2.512487	0
963.794617	2.512202	0
965.369934	2.511918	0
966.945007	2.511636	0
968.52002	2.511355	0
970.09491	2.511075	0
971.6698	2.510797	0
973.244507	2.51052	0
974.819153	2.510243	0
976.393677	2.509969	0
977.968079	2.509695	0
979.542358	2.509423	0
981.116577	2.509151	0
982.690735	2.508881	0
984.264771	2.508612	0
985.838684	2.508345	0
987.412415	2.508078	0
988.986145	2.507813	0
990.559753	2.507548	0
992.133179	2.507285	0
993.706665	2.507023	0
995.279907	2.506762	0
996.853027	2.506502	0
998.426147	2.506243	0
999.999146	2.505986	0
1012.878723	2.503915	0
1016.250183	2.503383	0
1019.622375	2.502856	0
1022.995239	2.502334	0
1026.368652	2.501816	0
1029.74292	2.501302	0
1033.117676	2.500792	0
1036.493286	2.500285	0
1039.869385	2.499783	0
1043.246338	2.499285	0
1046.623779	2.49879	0
1050.001953	2.498299	0
1053.380859	2.497812	0
1056.760498	2.497329	0
1060.140625	2.496849	0
1063.521484	2.496372	0
1066.903076	2.495899	0
1070.2854	2.49543	0
1073.668213	2.494963	0
1077.051758	2.4945	0
1080.436035	2.49404	0
1083.820923	2.493583	0
1087.206543	2.49313	0
1090.592773	2.492679	0
1093.979736	2.492232	0
1097.36731	2.491787	0
1100.755615	2.491346	0
1104.144531	2.490907	0
1107.53418	2.490471	0
1110.924438	2.490038	0
1114.31543	2.489608	0
1117.707031	2.48918	0
1121.099365	2.488755	0
1124.49231	2.488333	0
1127.885986	2.487913	0
1131.280273	2.487496	0
1134.675293	2.487081	0
1138.070923	2.486669	0
1141.467285	2.486259	0
1144.864258	2.485852	0
1148.261963	2.485447	0
1151.660278	2.485044	0
1155.059326	2.484643	0
1158.458984	2.484245	0
1161.859253	2.483849	0
1165.260376	2.483455	0
1168.661987	2.483063	0
1172.064453	2.482674	0
1175.467529	2.482286	0
1178.871216	2.481901	0
1182.275635	2.481517	0
1185.680664	2.481136	0
1189.086304	2.480756	0
1192.492798	2.480378	0
1195.89978	2.480003	0
1199.307617	2.479629	0
1202.716064	2.479257	0
1206.125122	2.478886	0
1209.534912	2.478518	0
1212.945313	2.478151	0
1216.356445	2.477786	0
1219.768188	2.477423	0
1223.180664	2.477061	0
1226.59375	2.476701	0
1230.007568	2.476343	0
1233.421997	2.475986	0
1236.837158	2.475631	0
1240.25293	2.475277	0
1243.669434	2.474925	0
1247.086548	2.474575	0
1250.504395	2.474225	0
1253.922852	2.473878	0
1257.342041	2.473531	0
1260.761841	2.473187	0
1264.182373	2.472843	0
1267.603516	2.472501	0
1271.025391	2.472161	0
1274.447998	2.471821	0
1277.871094	2.471483	0
1281.294922	2.471146	0
1284.719482	2.470811	0
1288.144775	2.470477	0
1291.570557	2.470144	0
1294.997192	2.469812	0
1298.424316	2.469481	0
1301.852295	2.469152	0
1305.280762	2.468823	0
1308.710083	2.468496	0
1312.139893	2.46817	0
1315.570557	2.467845	0
1319.001709	2.467522	0
1322.433716	2.467199	0
1325.866333	2.466877	0
1329.299561	2.466557	0
1332.733521	2.466237	0
1336.168091	2.465918	0
1339.603271	2.465601	0
1343.039307	2.465284	0
1346.47583	2.464968	0
1349.913208	2.464654	0
1353.351196	2.46434	0
1356.789795	2.464027	0
1360.229126	2.463715	0
1363.669189	2.463404	0
1367.109741	2.463094	0
1370.551025	2.462784	0
1373.993042	2.462476	0
1377.435791	2.462168	0
1380.87915	2.461861	0
1384.322998	2.461555	0
1387.767822	2.46125	0
1391.213135	2.460945	0
1394.65918	2.460642	0
1398.105835	2.460339	0
1401.553223	2.460037	0
1405.001221	2.459735	0
1408.449951	2.459434	0
1411.899292	2.459134	0
1415.349365	2.458835	0
1418.800049	2.458536	0
1422.251465	2.458238	0
1425.703491	2.457941	0
1429.15625	2.457644	0
1432.609619	2.457348	0
1436.063721	2.457052	0
1439.518555	2.456757	0
1442.973877	2.456463	0
1446.430054	2.456169	0
1449.886841	2.455876	0
1453.344238	2.455584	0
1456.802368	2.455292	0
1460.261108	2.455	0
1463.720581	2.45471	0
1467.180786	2.454419	0
1470.641479	2.45413	0
1474.103027	2.45384	0
1477.565186	2.453552	0
1481.027954	2.453263	0
1484.491455	2.452976	0
1487.955566	2.452688	0
1491.42041	2.452401	0
1494.885986	2.452115	0
1498.352051	2.451829	0
1501.81897	2.451544	0
1505.286377	2.451258	0
1508.754639	2.450974	0
1512.223389	2.45069	0
1515.692993	2.450406	0
1519.163208	2.450122	0
1522.634033	2.449839	0
1526.105591	2.449557	0
1529.577881	2.449275	0
1533.050659	2.448993	0
1536.52417	2.448711	0
1539.998413	2.44843	0
1543.473389	2.448149	0
1546.948975	2.447869	0
1550.425171	2.447588	0
1553.9021	2.447309	0
1557.379639	2.447029	0
1560.85791	2.44675	0
1564.336792	2.446471	0
1567.816528	2.446193	0
1571.296753	2.445914	0
1574.777588	2.445636	0
1578.259277	2.445358	0
1581.741577	2.445081	0
1585.224487	2.444804	0
1588.708252	2.444527	0
1592.192505	2.44425	0
1595.67749	2.443973	0
1599.163086	2.443697	0
1602.649414	2.443421	0
1606.136475	2.443145	0
1609.624023	2.44287	0
1613.112427	2.442594	0
1616.601318	2.442319	0
1620.091064	2.442044	0
1623.581299	2.441769	0
1627.072388	2.441495	0
1630.564087	2.44122	0
1634.056396	2.440946	0
1637.549561	2.440672	0
1641.043213	2.440398	0
1644.537476	2.440125	0
1648.032593	2.439851	0
1651.52832	2.439577	0
1655.024658	2.439304	0
1658.521729	2.439031	0
1662.019531	2.438758	0
1665.517944	2.438485	0
1669.016968	2.438212	0
1672.516846	2.43794	0
1676.017212	2.437667	0
1679.518188	2.437395	0
1683.019897	2.437122	0
1686.522461	2.43685	0